{
  "results": [
    {
      "task": "Task(\n    name='L20_tau0.30_s202_st8_eval:L20:tau0.30:0',\n    inputs_dict={'x': [[19, -9, -16, -15, -13, -12, -11, -10, -18, -8, -7, -6, -3, 4, 8, 11, 14, 17, 18, -20], [-16, -15, 20, -7, -4, -12, 7, 14, 5, 6, -1, -3, 11, 10, 9, 13, 8, 15, 19, 2], [-20, 4, -4, -8, -7, -11, 11, -2, -1, 19, 7, 15, 10, -6, 12, 14, 9, 17, 18, -19], [-11, -16, 13, -12, 12, -10, -9, -6, -4, -1, 17, 2, 3, 6, 9, -17, -14, 14, 1, 18], [16, -12, 2, -9, -8, -6, -5, -3, -2, -1, 1, -11, 3, 6, -18, 8, 9, 11, 7, 18]]},\n    outputs=[[-20, -18, -16, -15, -13, -12, -11, -10, -9, -8, -7, -6, -3, 4, 8, 11, 14, 17, 18, 19], [-16, -15, -12, -7, -4, -3, -1, 2, 5, 6, 7, 8, 9, 10, 11, 13, 14, 15, 19, 20], [-20, -19, -11, -8, -7, -6, -4, -2, -1, 4, 7, 9, 10, 11, 12, 14, 15, 17, 18, 19], [-17, -16, -14, -12, -11, -10, -9, -6, -4, -1, 1, 2, 3, 6, 9, 12, 13, 14, 17, 18], [-18, -12, -11, -9, -8, -6, -5, -3, -2, -1, 1, 2, 3, 6, 7, 8, 9, 11, 16, 18]],\n    solution='Sort(x)'\n)",
      "task_solution": "Sort(x)",
      "task_solution_weight": 2,
      "success": true,
      "elapsed_time": 0.09514808701351285,
      "num_unique_values": 36,
      "solution": "Sort(x)",
      "solution_weight": 2,
      "stats": {
        "num_examples": 5,
        "num_inputs": 1,
        "num_values_explored": 212,
        "num_explored_none": 118,
        "num_explored_concrete": 44,
        "num_explored_lambda": 50,
        "num_values_kept": 27,
        "num_kept_concrete": 7,
        "num_kept_lambda": 20,
        "temperature": 1.0,
        "explored_percent_none": 55.660377358490564,
        "explored_percent_concrete": 20.754716981132077,
        "explored_percent_lambda": 23.58490566037736,
        "kept_percent_concrete": 25.925925925925927,
        "kept_percent_lambda": 74.07407407407408
      }
    },
    {
      "task": "Task(\n    name='L20_tau0.30_s202_st8_eval:L20:tau0.30:1',\n    inputs_dict={'x': [[-18, -9, -16, 7, -14, 16, -12, -17, -8, -5, -3, -1, 4, 3, 1, -15, 15, -13, 18, 20], [-20, -17, -16, -14, 4, -5, -9, 16, -12, 17, 9, 7, -13, 11, 1, 13, -1, -6, 8, 18], [-19, -17, -14, 14, 18, 2, -11, -5, 5, -2, 3, -7, -3, 7, -6, 10, -13, 15, 9, 20], [2, -12, -16, 13, 7, -9, -8, -3, -18, -20, 4, 5, 6, -1, 8, 10, -15, 14, 17, 20], [7, -13, -18, 8, -7, 1, -1, -5, 2, 3, 4, 15, -9, -8, 10, 12, 13, 6, 16, 20]]},\n    outputs=[[-18, -17, -16, -15, -14, -13, -12, -9, -8, -5, -3, -1, 1, 3, 4, 7, 15, 16, 18, 20], [-20, -17, -16, -14, -13, -12, -9, -6, -5, -1, 1, 4, 7, 8, 9, 11, 13, 16, 17, 18], [-19, -17, -14, -13, -11, -7, -6, -5, -3, -2, 2, 3, 5, 7, 9, 10, 14, 15, 18, 20], [-20, -18, -16, -15, -12, -9, -8, -3, -1, 2, 4, 5, 6, 7, 8, 10, 13, 14, 17, 20], [-18, -13, -9, -8, -7, -5, -1, 1, 2, 3, 4, 6, 7, 8, 10, 12, 13, 15, 16, 20]],\n    solution='Sort(x)'\n)",
      "task_solution": "Sort(x)",
      "task_solution_weight": 2,
      "success": true,
      "elapsed_time": 0.09601326598203741,
      "num_unique_values": 35,
      "solution": "Sort(x)",
      "solution_weight": 2,
      "stats": {
        "num_examples": 5,
        "num_inputs": 1,
        "num_values_explored": 213,
        "num_explored_none": 116,
        "num_explored_concrete": 44,
        "num_explored_lambda": 53,
        "num_values_kept": 26,
        "num_kept_concrete": 6,
        "num_kept_lambda": 20,
        "temperature": 1.0,
        "explored_percent_none": 54.460093896713616,
        "explored_percent_concrete": 20.657276995305164,
        "explored_percent_lambda": 24.88262910798122,
        "kept_percent_concrete": 23.076923076923077,
        "kept_percent_lambda": 76.92307692307692
      }
    },
    {
      "task": "Task(\n    name='L20_tau0.30_s202_st8_eval:L20:tau0.30:2',\n    inputs_dict={'x': [[3, -19, -18, 7, -14, -20, -10, -8, 6, -1, 2, -17, 4, 13, -13, 10, 16, -6, 17, 19], [-15, -13, -10, -8, 20, 19, -4, -3, -1, 3, 7, 8, 12, 13, 14, 16, 17, 18, -6, -7], [-18, -19, -20, 13, -15, -14, 1, -7, -5, -2, -13, 14, 2, 5, 12, 11, 8, -16, 4, 18], [-1, -16, -15, -14, 16, -10, -4, 11, -2, -17, 1, 4, 6, 10, -3, 13, 15, -11, 17, 19], [14, -16, 4, -6, -9, -8, -7, -11, 3, -14, 5, 7, 8, 11, 12, -20, 15, 16, 17, 19]]},\n    outputs=[[-20, -19, -18, -17, -14, -13, -10, -8, -6, -1, 2, 3, 4, 6, 7, 10, 13, 16, 17, 19], [-15, -13, -10, -8, -7, -6, -4, -3, -1, 3, 7, 8, 12, 13, 14, 16, 17, 18, 19, 20], [-20, -19, -18, -16, -15, -14, -13, -7, -5, -2, 1, 2, 4, 5, 8, 11, 12, 13, 14, 18], [-17, -16, -15, -14, -11, -10, -4, -3, -2, -1, 1, 4, 6, 10, 11, 13, 15, 16, 17, 19], [-20, -16, -14, -11, -9, -8, -7, -6, 3, 4, 5, 7, 8, 11, 12, 14, 15, 16, 17, 19]],\n    solution='Sort(x)'\n)",
      "task_solution": "Sort(x)",
      "task_solution_weight": 2,
      "success": true,
      "elapsed_time": 0.0965059360023588,
      "num_unique_values": 35,
      "solution": "Sort(x)",
      "solution_weight": 2,
      "stats": {
        "num_examples": 5,
        "num_inputs": 1,
        "num_values_explored": 214,
        "num_explored_none": 119,
        "num_explored_concrete": 44,
        "num_explored_lambda": 51,
        "num_values_kept": 26,
        "num_kept_concrete": 6,
        "num_kept_lambda": 20,
        "temperature": 1.0,
        "explored_percent_none": 55.60747663551402,
        "explored_percent_concrete": 20.560747663551403,
        "explored_percent_lambda": 23.83177570093458,
        "kept_percent_concrete": 23.076923076923077,
        "kept_percent_lambda": 76.92307692307692
      }
    },
    {
      "task": "Task(\n    name='L20_tau0.30_s202_st8_eval:L20:tau0.30:3',\n    inputs_dict={'x': [[17, -17, -14, -20, -13, 18, -12, 3, 1, -7, -10, 9, 2, 14, 15, 16, -8, 5, 19, 20], [-17, -1, -19, -14, -13, -10, 4, -6, 6, -2, 19, 3, -8, 12, -18, -4, 13, 17, 14, 11], [15, -18, -17, 1, 11, -10, -9, -6, -5, -4, -2, -16, 2, 7, -15, 12, -20, 17, 18, 19], [12, 7, -14, -13, -10, -9, -15, -5, -3, -1, 3, 5, 6, -6, 8, 9, 11, -20, 13, 20], [-20, 13, -18, -2, -16, 9, -9, -8, -6, -3, -13, -1, 4, 5, 6, -17, 12, -19, 15, 18]]},\n    outputs=[[-20, -17, -14, -13, -12, -10, -8, -7, 1, 2, 3, 5, 9, 14, 15, 16, 17, 18, 19, 20], [-19, -18, -17, -14, -13, -10, -8, -6, -4, -2, -1, 3, 4, 6, 11, 12, 13, 14, 17, 19], [-20, -18, -17, -16, -15, -10, -9, -6, -5, -4, -2, 1, 2, 7, 11, 12, 15, 17, 18, 19], [-20, -15, -14, -13, -10, -9, -6, -5, -3, -1, 3, 5, 6, 7, 8, 9, 11, 12, 13, 20], [-20, -19, -18, -17, -16, -13, -9, -8, -6, -3, -2, -1, 4, 5, 6, 9, 12, 13, 15, 18]],\n    solution='Sort(x)'\n)",
      "task_solution": "Sort(x)",
      "task_solution_weight": 2,
      "success": true,
      "elapsed_time": 0.09997533998102881,
      "num_unique_values": 36,
      "solution": "Sort(x)",
      "solution_weight": 2,
      "stats": {
        "num_examples": 5,
        "num_inputs": 1,
        "num_values_explored": 214,
        "num_explored_none": 119,
        "num_explored_concrete": 46,
        "num_explored_lambda": 49,
        "num_values_kept": 27,
        "num_kept_concrete": 7,
        "num_kept_lambda": 20,
        "temperature": 1.0,
        "explored_percent_none": 55.60747663551402,
        "explored_percent_concrete": 21.49532710280374,
        "explored_percent_lambda": 22.897196261682243,
        "kept_percent_concrete": 25.925925925925927,
        "kept_percent_lambda": 74.07407407407408
      }
    },
    {
      "task": "Task(\n    name='L20_tau0.30_s202_st8_eval:L20:tau0.30:4',\n    inputs_dict={'x': [[-20, -18, 8, -10, -7, 17, -6, -3, -2, 2, 13, 4, 6, -13, 12, -8, 15, 20, 19, 3], [-19, -18, 9, -7, -11, -10, -9, 3, -6, -2, -1, -12, 18, 14, -17, 11, 12, 13, 6, 5], [15, -18, -8, -10, -9, 6, -7, -4, -3, -2, 3, 5, -16, 10, 11, 12, 13, -20, 16, 17], [-14, -18, -16, 7, 15, -10, -9, -5, -3, 3, 4, 5, 6, -15, 10, 11, 12, -19, 18, 19], [12, -15, -13, -12, 18, -9, -2, -6, -16, -11, 10, 4, 3, 11, 8, -3, 14, 17, 2, 19]]},\n    outputs=[[-20, -18, -13, -10, -8, -7, -6, -3, -2, 2, 3, 4, 6, 8, 12, 13, 15, 17, 19, 20], [-19, -18, -17, -12, -11, -10, -9, -7, -6, -2, -1, 3, 5, 6, 9, 11, 12, 13, 14, 18], [-20, -18, -16, -10, -9, -8, -7, -4, -3, -2, 3, 5, 6, 10, 11, 12, 13, 15, 16, 17], [-19, -18, -16, -15, -14, -10, -9, -5, -3, 3, 4, 5, 6, 7, 10, 11, 12, 15, 18, 19], [-16, -15, -13, -12, -11, -9, -6, -3, -2, 2, 3, 4, 8, 10, 11, 12, 14, 17, 18, 19]],\n    solution='Sort(x)'\n)",
      "task_solution": "Sort(x)",
      "task_solution_weight": 2,
      "success": true,
      "elapsed_time": 0.10254830200574361,
      "num_unique_values": 35,
      "solution": "Sort(x)",
      "solution_weight": 2,
      "stats": {
        "num_examples": 5,
        "num_inputs": 1,
        "num_values_explored": 212,
        "num_explored_none": 114,
        "num_explored_concrete": 43,
        "num_explored_lambda": 55,
        "num_values_kept": 26,
        "num_kept_concrete": 6,
        "num_kept_lambda": 20,
        "temperature": 1.0,
        "explored_percent_none": 53.77358490566038,
        "explored_percent_concrete": 20.28301886792453,
        "explored_percent_lambda": 25.943396226415093,
        "kept_percent_concrete": 23.076923076923077,
        "kept_percent_lambda": 76.92307692307692
      }
    },
    {
      "task": "Task(\n    name='L20_tau0.30_s202_st8_eval:L20:tau0.30:5',\n    inputs_dict={'x': [[-3, -4, -15, -14, 5, -9, -10, 13, -16, -17, 2, 3, -7, -12, 4, 9, 11, 6, 14, 16], [-1, -18, -17, 13, -10, 9, -4, -20, 1, 2, 4, 5, 6, 7, 16, -8, 12, -14, 8, 20], [-14, -13, -12, -1, 18, -6, -4, -3, 13, 1, 2, 3, 7, 9, 10, 11, -10, 16, 17, -8], [9, -15, -13, -5, -11, -9, -8, 12, -3, 1, 3, 4, -19, 19, -12, 11, 15, 16, 18, 10], [-20, 3, 16, -13, -11, -9, -6, 4, -3, -1, 2, -17, -5, 5, 7, 12, 13, 14, -15, 17]]},\n    outputs=[[-17, -16, -15, -14, -12, -10, -9, -7, -4, -3, 2, 3, 4, 5, 6, 9, 11, 13, 14, 16], [-20, -18, -17, -14, -10, -8, -4, -1, 1, 2, 4, 5, 6, 7, 8, 9, 12, 13, 16, 20], [-14, -13, -12, -10, -8, -6, -4, -3, -1, 1, 2, 3, 7, 9, 10, 11, 13, 16, 17, 18], [-19, -15, -13, -12, -11, -9, -8, -5, -3, 1, 3, 4, 9, 10, 11, 12, 15, 16, 18, 19], [-20, -17, -15, -13, -11, -9, -6, -5, -3, -1, 2, 3, 4, 5, 7, 12, 13, 14, 16, 17]],\n    solution='Sort(x)'\n)",
      "task_solution": "Sort(x)",
      "task_solution_weight": 2,
      "success": true,
      "elapsed_time": 0.11724224500358105,
      "num_unique_values": 35,
      "solution": "Sort(x)",
      "solution_weight": 2,
      "stats": {
        "num_examples": 5,
        "num_inputs": 1,
        "num_values_explored": 213,
        "num_explored_none": 116,
        "num_explored_concrete": 43,
        "num_explored_lambda": 54,
        "num_values_kept": 26,
        "num_kept_concrete": 6,
        "num_kept_lambda": 20,
        "temperature": 1.0,
        "explored_percent_none": 54.460093896713616,
        "explored_percent_concrete": 20.187793427230048,
        "explored_percent_lambda": 25.35211267605634,
        "kept_percent_concrete": 23.076923076923077,
        "kept_percent_lambda": 76.92307692307692
      }
    },
    {
      "task": "Task(\n    name='L20_tau0.30_s202_st8_eval:L20:tau0.30:6',\n    inputs_dict={'x': [[-8, -17, 17, -13, -10, 10, -15, -6, -5, -16, -2, 2, 16, -3, 13, 15, 5, -7, 18, 19], [7, -18, -17, -15, -19, -12, -10, 15, -3, -4, 1, -2, 18, 8, 11, 16, 5, -11, 13, 14], [13, -6, -14, -8, 3, 8, -2, -1, -15, 4, 5, 7, -4, 10, 12, -19, 14, 17, 18, 20], [-20, 5, 13, 7, -11, -10, -7, -1, -13, 4, -14, 12, 16, -17, 3, 15, 11, 18, 19, 20], [-15, -14, 18, -9, -8, 6, 9, -1, 3, 4, 5, -6, 7, 8, -3, 10, 11, 12, -13, 20]]},\n    outputs=[[-17, -16, -15, -13, -10, -8, -7, -6, -5, -3, -2, 2, 5, 10, 13, 15, 16, 17, 18, 19], [-19, -18, -17, -15, -12, -11, -10, -4, -3, -2, 1, 5, 7, 8, 11, 13, 14, 15, 16, 18], [-19, -15, -14, -8, -6, -4, -2, -1, 3, 4, 5, 7, 8, 10, 12, 13, 14, 17, 18, 20], [-20, -17, -14, -13, -11, -10, -7, -1, 3, 4, 5, 7, 11, 12, 13, 15, 16, 18, 19, 20], [-15, -14, -13, -9, -8, -6, -3, -1, 3, 4, 5, 6, 7, 8, 9, 10, 11, 12, 18, 20]],\n    solution='Sort(x)'\n)",
      "task_solution": "Sort(x)",
      "task_solution_weight": 2,
      "success": true,
      "elapsed_time": 0.11123524399590679,
      "num_unique_values": 35,
      "solution": "Sort(x)",
      "solution_weight": 2,
      "stats": {
        "num_examples": 5,
        "num_inputs": 1,
        "num_values_explored": 212,
        "num_explored_none": 117,
        "num_explored_concrete": 45,
        "num_explored_lambda": 50,
        "num_values_kept": 26,
        "num_kept_concrete": 6,
        "num_kept_lambda": 20,
        "temperature": 1.0,
        "explored_percent_none": 55.18867924528302,
        "explored_percent_concrete": 21.22641509433962,
        "explored_percent_lambda": 23.58490566037736,
        "kept_percent_concrete": 23.076923076923077,
        "kept_percent_lambda": 76.92307692307692
      }
    },
    {
      "task": "Task(\n    name='L20_tau0.30_s202_st8_eval:L20:tau0.30:7',\n    inputs_dict={'x': [[-19, 12, -18, -14, 3, -10, 16, -1, -11, -17, -8, 17, 8, 11, 13, 5, 7, 20, 18, 15], [13, 18, -14, -10, -8, -7, -4, -3, -2, 1, 2, 3, 5, 7, 12, -20, 14, 16, 17, -12], [-19, 19, -16, -15, 20, -11, -8, -9, -7, -6, -2, 1, 3, 5, 6, 9, 11, 15, -17, -14], [-6, 20, -18, -17, -1, -12, -11, -7, -19, -5, -13, 1, 2, 9, 12, 13, 17, 18, 19, -20], [-20, -8, -17, 20, -13, -11, -10, 7, -7, 9, -1, 3, 5, -19, 8, -2, 11, 12, 18, -15]]},\n    outputs=[[-19, -18, -17, -14, -11, -10, -8, -1, 3, 5, 7, 8, 11, 12, 13, 15, 16, 17, 18, 20], [-20, -14, -12, -10, -8, -7, -4, -3, -2, 1, 2, 3, 5, 7, 12, 13, 14, 16, 17, 18], [-19, -17, -16, -15, -14, -11, -9, -8, -7, -6, -2, 1, 3, 5, 6, 9, 11, 15, 19, 20], [-20, -19, -18, -17, -13, -12, -11, -7, -6, -5, -1, 1, 2, 9, 12, 13, 17, 18, 19, 20], [-20, -19, -17, -15, -13, -11, -10, -8, -7, -2, -1, 3, 5, 7, 8, 9, 11, 12, 18, 20]],\n    solution='Sort(x)'\n)",
      "task_solution": "Sort(x)",
      "task_solution_weight": 2,
      "success": true,
      "elapsed_time": 0.12175941799068823,
      "num_unique_values": 36,
      "solution": "Sort(x)",
      "solution_weight": 2,
      "stats": {
        "num_examples": 5,
        "num_inputs": 1,
        "num_values_explored": 214,
        "num_explored_none": 118,
        "num_explored_concrete": 45,
        "num_explored_lambda": 51,
        "num_values_kept": 27,
        "num_kept_concrete": 7,
        "num_kept_lambda": 20,
        "temperature": 1.0,
        "explored_percent_none": 55.14018691588785,
        "explored_percent_concrete": 21.02803738317757,
        "explored_percent_lambda": 23.83177570093458,
        "kept_percent_concrete": 25.925925925925927,
        "kept_percent_lambda": 74.07407407407408
      }
    },
    {
      "task": "Task(\n    name='L20_tau0.30_s202_st8_eval:L20:tau0.30:8',\n    inputs_dict={'x': [[-15, -14, 6, 4, -6, -9, 19, -4, -2, 2, 3, -12, -13, 8, 12, -5, 14, 16, 13, 20], [-18, -14, -12, -17, 5, -11, -9, -7, -6, -5, 18, 4, 16, 17, 8, 11, 13, 6, -16, -2], [6, -19, -17, -15, -11, -10, 12, -7, -5, -4, -2, 4, 16, 1, -20, 9, 10, -9, 2, 17], [-13, -12, -16, -4, -20, 13, -10, -5, 12, 1, 6, 8, 16, 10, -19, -11, 15, 9, 19, 20], [-18, 11, -12, -10, -11, 20, -7, -5, -3, -1, 2, 3, 4, 5, 10, -16, 13, 15, 19, -8]]},\n    outputs=[[-15, -14, -13, -12, -9, -6, -5, -4, -2, 2, 3, 4, 6, 8, 12, 13, 14, 16, 19, 20], [-18, -17, -16, -14, -12, -11, -9, -7, -6, -5, -2, 4, 5, 6, 8, 11, 13, 16, 17, 18], [-20, -19, -17, -15, -11, -10, -9, -7, -5, -4, -2, 1, 2, 4, 6, 9, 10, 12, 16, 17], [-20, -19, -16, -13, -12, -11, -10, -5, -4, 1, 6, 8, 9, 10, 12, 13, 15, 16, 19, 20], [-18, -16, -12, -11, -10, -8, -7, -5, -3, -1, 2, 3, 4, 5, 10, 11, 13, 15, 19, 20]],\n    solution='Sort(x)'\n)",
      "task_solution": "Sort(x)",
      "task_solution_weight": 2,
      "success": true,
      "elapsed_time": 0.11989542099763639,
      "num_unique_values": 34,
      "solution": "Sort(x)",
      "solution_weight": 2,
      "stats": {
        "num_examples": 5,
        "num_inputs": 1,
        "num_values_explored": 212,
        "num_explored_none": 112,
        "num_explored_concrete": 44,
        "num_explored_lambda": 56,
        "num_values_kept": 25,
        "num_kept_concrete": 6,
        "num_kept_lambda": 19,
        "temperature": 1.0,
        "explored_percent_none": 52.83018867924528,
        "explored_percent_concrete": 20.754716981132077,
        "explored_percent_lambda": 26.41509433962264,
        "kept_percent_concrete": 24.0,
        "kept_percent_lambda": 76.0
      }
    },
    {
      "task": "Task(\n    name='L20_tau0.30_s202_st8_eval:L20:tau0.30:9',\n    inputs_dict={'x': [[-20, 4, -10, 13, 12, -3, 5, -17, 2, 6, 7, 8, 9, 10, -6, -4, 14, 18, 19, 20], [12, -17, -13, -12, 7, 17, -7, -3, 6, -9, 5, -1, 8, 10, -8, 13, 15, -18, 18, 19], [16, -18, -13, -15, -14, -17, -11, -10, -9, 18, 15, 3, 2, 5, 10, 4, 1, 17, -19, 19], [-15, 2, -20, 14, -9, -4, -1, 1, -16, 3, 17, 5, 8, 11, 12, 13, -10, 4, 19, 20], [-19, 17, -6, -15, -12, -11, -10, -9, -7, -16, -2, -1, 3, 6, 7, 9, 12, 13, 14, -18]]},\n    outputs=[[-20, -17, -10, -6, -4, -3, 2, 4, 5, 6, 7, 8, 9, 10, 12, 13, 14, 18, 19, 20], [-18, -17, -13, -12, -9, -8, -7, -3, -1, 5, 6, 7, 8, 10, 12, 13, 15, 17, 18, 19], [-19, -18, -17, -15, -14, -13, -11, -10, -9, 1, 2, 3, 4, 5, 10, 15, 16, 17, 18, 19], [-20, -16, -15, -10, -9, -4, -1, 1, 2, 3, 4, 5, 8, 11, 12, 13, 14, 17, 19, 20], [-19, -18, -16, -15, -12, -11, -10, -9, -7, -6, -2, -1, 3, 6, 7, 9, 12, 13, 14, 17]],\n    solution='Sort(x)'\n)",
      "task_solution": "Sort(x)",
      "task_solution_weight": 2,
      "success": true,
      "elapsed_time": 0.11212265500216745,
      "num_unique_values": 34,
      "solution": "Sort(x)",
      "solution_weight": 2,
      "stats": {
        "num_examples": 5,
        "num_inputs": 1,
        "num_values_explored": 212,
        "num_explored_none": 112,
        "num_explored_concrete": 43,
        "num_explored_lambda": 57,
        "num_values_kept": 25,
        "num_kept_concrete": 6,
        "num_kept_lambda": 19,
        "temperature": 1.0,
        "explored_percent_none": 52.83018867924528,
        "explored_percent_concrete": 20.28301886792453,
        "explored_percent_lambda": 26.88679245283019,
        "kept_percent_concrete": 24.0,
        "kept_percent_lambda": 76.0
      }
    },
    {
      "task": "Task(\n    name='L20_tau0.30_s202_st8_eval:L20:tau0.30:10',\n    inputs_dict={'x': [[-19, -17, -16, 15, -12, 13, -9, -6, -1, 2, 3, 4, 5, 6, -11, 11, 9, 14, -13, 20], [-20, -19, -7, -13, -11, -16, 14, -5, -3, 17, 19, 3, 4, 6, 8, 9, -6, -2, 18, 2], [-13, 7, -17, -10, -9, 5, -4, 18, 1, 2, 3, 4, -6, -15, 9, 10, 14, 16, -3, 20], [-11, -14, 9, 8, -13, -19, -6, -5, -4, 5, 2, 3, 6, -18, -15, 13, 17, 15, 14, 20], [-20, -1, -7, 20, 7, -6, 1, -8, -18, -15, 2, 3, 5, -9, 11, 13, 14, 17, 19, -11]]},\n    outputs=[[-19, -17, -16, -13, -12, -11, -9, -6, -1, 2, 3, 4, 5, 6, 9, 11, 13, 14, 15, 20], [-20, -19, -16, -13, -11, -7, -6, -5, -3, -2, 2, 3, 4, 6, 8, 9, 14, 17, 18, 19], [-17, -15, -13, -10, -9, -6, -4, -3, 1, 2, 3, 4, 5, 7, 9, 10, 14, 16, 18, 20], [-19, -18, -15, -14, -13, -11, -6, -5, -4, 2, 3, 5, 6, 8, 9, 13, 14, 15, 17, 20], [-20, -18, -15, -11, -9, -8, -7, -6, -1, 1, 2, 3, 5, 7, 11, 13, 14, 17, 19, 20]],\n    solution='Sort(x)'\n)",
      "task_solution": "Sort(x)",
      "task_solution_weight": 2,
      "success": true,
      "elapsed_time": 0.12146664501051418,
      "num_unique_values": 34,
      "solution": "Sort(x)",
      "solution_weight": 2,
      "stats": {
        "num_examples": 5,
        "num_inputs": 1,
        "num_values_explored": 213,
        "num_explored_none": 120,
        "num_explored_concrete": 43,
        "num_explored_lambda": 50,
        "num_values_kept": 25,
        "num_kept_concrete": 6,
        "num_kept_lambda": 19,
        "temperature": 1.0,
        "explored_percent_none": 56.33802816901409,
        "explored_percent_concrete": 20.187793427230048,
        "explored_percent_lambda": 23.474178403755868,
        "kept_percent_concrete": 24.0,
        "kept_percent_lambda": 76.0
      }
    },
    {
      "task": "Task(\n    name='L20_tau0.30_s202_st8_eval:L20:tau0.30:11',\n    inputs_dict={'x': [[-18, 2, -13, 6, -3, -8, -12, -5, 5, -6, -1, -14, 7, 18, -7, -2, 9, 10, 15, 3], [-17, 14, 6, -13, 13, -10, -9, -7, -16, -3, -1, 3, -11, -14, 10, 5, -5, 16, 17, 20], [4, -13, -18, 16, -19, -8, -20, -1, 1, 7, 6, 9, 8, -2, 10, 11, 12, -17, 17, 19], [-12, -14, 12, -15, -8, -11, -1, -6, 16, 14, -7, -13, -3, 10, 4, 13, 7, -4, 19, 20], [2, -18, -17, 7, -16, -5, -4, 8, -6, 14, -3, -19, -1, -2, 10, 4, 11, 1, 15, 17]]},\n    outputs=[[-18, -14, -13, -12, -8, -7, -6, -5, -3, -2, -1, 2, 3, 5, 6, 7, 9, 10, 15, 18], [-17, -16, -14, -13, -11, -10, -9, -7, -5, -3, -1, 3, 5, 6, 10, 13, 14, 16, 17, 20], [-20, -19, -18, -17, -13, -8, -2, -1, 1, 4, 6, 7, 8, 9, 10, 11, 12, 16, 17, 19], [-15, -14, -13, -12, -11, -8, -7, -6, -4, -3, -1, 4, 7, 10, 12, 13, 14, 16, 19, 20], [-19, -18, -17, -16, -6, -5, -4, -3, -2, -1, 1, 2, 4, 7, 8, 10, 11, 14, 15, 17]],\n    solution='Sort(x)'\n)",
      "task_solution": "Sort(x)",
      "task_solution_weight": 2,
      "success": true,
      "elapsed_time": 0.11980914400191978,
      "num_unique_values": 35,
      "solution": "Sort(x)",
      "solution_weight": 2,
      "stats": {
        "num_examples": 5,
        "num_inputs": 1,
        "num_values_explored": 213,
        "num_explored_none": 122,
        "num_explored_concrete": 43,
        "num_explored_lambda": 48,
        "num_values_kept": 26,
        "num_kept_concrete": 6,
        "num_kept_lambda": 20,
        "temperature": 1.0,
        "explored_percent_none": 57.27699530516432,
        "explored_percent_concrete": 20.187793427230048,
        "explored_percent_lambda": 22.535211267605632,
        "kept_percent_concrete": 23.076923076923077,
        "kept_percent_lambda": 76.92307692307692
      }
    },
    {
      "task": "Task(\n    name='L20_tau0.30_s202_st8_eval:L20:tau0.30:12',\n    inputs_dict={'x': [[-19, -14, -17, -5, -12, -10, 14, 13, -13, 16, -3, 3, -9, 10, 9, -4, -8, 6, 17, 20], [-18, -1, -12, -11, -10, -9, 18, -6, -5, 5, 8, 12, -15, 6, -3, -7, -4, 14, 15, 9], [16, -17, -16, -14, 6, -9, -7, -6, -5, -3, 13, 5, -13, 7, 11, -1, 14, -19, 18, 19], [-18, -16, -15, 17, 14, -9, -8, -7, -5, 1, 5, 19, 7, 6, 11, -12, 16, -14, 20, 9], [-19, -17, -7, -15, 5, -8, -13, 16, 7, -2, 3, -10, -18, 10, 11, 12, 13, -14, 18, 19]]},\n    outputs=[[-19, -17, -14, -13, -12, -10, -9, -8, -5, -4, -3, 3, 6, 9, 10, 13, 14, 16, 17, 20], [-18, -15, -12, -11, -10, -9, -7, -6, -5, -4, -3, -1, 5, 6, 8, 9, 12, 14, 15, 18], [-19, -17, -16, -14, -13, -9, -7, -6, -5, -3, -1, 5, 6, 7, 11, 13, 14, 16, 18, 19], [-18, -16, -15, -14, -12, -9, -8, -7, -5, 1, 5, 6, 7, 9, 11, 14, 16, 17, 19, 20], [-19, -18, -17, -15, -14, -13, -10, -8, -7, -2, 3, 5, 7, 10, 11, 12, 13, 16, 18, 19]],\n    solution='Sort(x)'\n)",
      "task_solution": "Sort(x)",
      "task_solution_weight": 2,
      "success": true,
      "elapsed_time": 0.11995877599110827,
      "num_unique_values": 35,
      "solution": "Sort(x)",
      "solution_weight": 2,
      "stats": {
        "num_examples": 5,
        "num_inputs": 1,
        "num_values_explored": 214,
        "num_explored_none": 120,
        "num_explored_concrete": 44,
        "num_explored_lambda": 50,
        "num_values_kept": 26,
        "num_kept_concrete": 6,
        "num_kept_lambda": 20,
        "temperature": 1.0,
        "explored_percent_none": 56.074766355140184,
        "explored_percent_concrete": 20.560747663551403,
        "explored_percent_lambda": 23.364485981308412,
        "kept_percent_concrete": 23.076923076923077,
        "kept_percent_lambda": 76.92307692307692
      }
    },
    {
      "task": "Task(\n    name='L20_tau0.30_s202_st8_eval:L20:tau0.30:13',\n    inputs_dict={'x': [[-20, -18, -17, 1, -12, 17, -9, -7, 3, -1, 5, 2, -4, 4, -15, 7, 11, 14, 15, -10], [-20, -17, -14, -12, -9, 10, 16, -6, -10, -4, -2, 6, -5, 4, 5, -1, 8, 3, -7, 19], [-18, -11, -13, 16, 14, -10, -7, -6, -5, -2, 1, 3, 5, 8, 13, -14, -12, 17, 18, 19], [-16, -19, 2, -10, -12, 9, -9, -7, -3, 13, -20, 3, 16, -14, 8, 12, 10, 15, 1, 20], [5, -16, -17, -15, -13, -7, -18, -3, 18, -1, 10, 16, -2, -6, 1, 11, 12, 13, 2, 3]]},\n    outputs=[[-20, -18, -17, -15, -12, -10, -9, -7, -4, -1, 1, 2, 3, 4, 5, 7, 11, 14, 15, 17], [-20, -17, -14, -12, -10, -9, -7, -6, -5, -4, -2, -1, 3, 4, 5, 6, 8, 10, 16, 19], [-18, -14, -13, -12, -11, -10, -7, -6, -5, -2, 1, 3, 5, 8, 13, 14, 16, 17, 18, 19], [-20, -19, -16, -14, -12, -10, -9, -7, -3, 1, 2, 3, 8, 9, 10, 12, 13, 15, 16, 20], [-18, -17, -16, -15, -13, -7, -6, -3, -2, -1, 1, 2, 3, 5, 10, 11, 12, 13, 16, 18]],\n    solution='Sort(x)'\n)",
      "task_solution": "Sort(x)",
      "task_solution_weight": 2,
      "success": true,
      "elapsed_time": 0.11934150700108148,
      "num_unique_values": 35,
      "solution": "Sort(x)",
      "solution_weight": 2,
      "stats": {
        "num_examples": 5,
        "num_inputs": 1,
        "num_values_explored": 213,
        "num_explored_none": 119,
        "num_explored_concrete": 43,
        "num_explored_lambda": 51,
        "num_values_kept": 26,
        "num_kept_concrete": 6,
        "num_kept_lambda": 20,
        "temperature": 1.0,
        "explored_percent_none": 55.86854460093897,
        "explored_percent_concrete": 20.187793427230048,
        "explored_percent_lambda": 23.943661971830984,
        "kept_percent_concrete": 23.076923076923077,
        "kept_percent_lambda": 76.92307692307692
      }
    },
    {
      "task": "Task(\n    name='L20_tau0.30_s202_st8_eval:L20:tau0.30:14',\n    inputs_dict={'x': [[10, -17, -14, -13, -1, -18, -6, -2, -12, 20, 3, 4, 5, -8, 11, 19, 15, 17, 13, 1], [-19, -8, -1, -15, -4, -7, 11, -20, -11, -6, -10, -12, 5, 9, -16, 18, 14, 17, 12, 20], [-20, 1, -17, -16, -13, -1, -11, -2, -8, -7, 2, -10, -12, -18, 12, 3, 6, 7, -3, 19], [-18, 7, -16, -5, 5, -12, -6, 1, -4, -3, -2, -17, 2, -8, 6, -13, 8, 15, 18, 17], [-6, -19, 9, -16, 4, -11, -12, -10, -3, -20, -2, -1, 2, 13, -18, 11, 12, -13, 15, 19]]},\n    outputs=[[-18, -17, -14, -13, -12, -8, -6, -2, -1, 1, 3, 4, 5, 10, 11, 13, 15, 17, 19, 20], [-20, -19, -16, -15, -12, -11, -10, -8, -7, -6, -4, -1, 5, 9, 11, 12, 14, 17, 18, 20], [-20, -18, -17, -16, -13, -12, -11, -10, -8, -7, -3, -2, -1, 1, 2, 3, 6, 7, 12, 19], [-18, -17, -16, -13, -12, -8, -6, -5, -4, -3, -2, 1, 2, 5, 6, 7, 8, 15, 17, 18], [-20, -19, -18, -16, -13, -12, -11, -10, -6, -3, -2, -1, 2, 4, 9, 11, 12, 13, 15, 19]],\n    solution='Sort(x)'\n)",
      "task_solution": "Sort(x)",
      "task_solution_weight": 2,
      "success": true,
      "elapsed_time": 0.1200015920039732,
      "num_unique_values": 35,
      "solution": "Sort(x)",
      "solution_weight": 2,
      "stats": {
        "num_examples": 5,
        "num_inputs": 1,
        "num_values_explored": 214,
        "num_explored_none": 120,
        "num_explored_concrete": 44,
        "num_explored_lambda": 50,
        "num_values_kept": 26,
        "num_kept_concrete": 6,
        "num_kept_lambda": 20,
        "temperature": 1.0,
        "explored_percent_none": 56.074766355140184,
        "explored_percent_concrete": 20.560747663551403,
        "explored_percent_lambda": 23.364485981308412,
        "kept_percent_concrete": 23.076923076923077,
        "kept_percent_lambda": 76.92307692307692
      }
    },
    {
      "task": "Task(\n    name='L20_tau0.30_s202_st8_eval:L20:tau0.30:15',\n    inputs_dict={'x': [[-3, -8, -1, 20, -15, -14, 2, 11, -11, -10, -19, 10, 17, 8, 9, 4, 15, 3, 18, 13], [-15, -17, -16, -18, -13, 19, 4, 6, 14, 1, -11, 5, -14, -10, 8, 18, -1, 11, 9, 20], [-8, 13, -10, -11, -18, 4, -5, -4, 12, 5, 8, 9, 10, -6, 17, -13, 15, 14, 18, 20], [-13, -19, 6, -17, -11, -14, -20, -16, -9, -8, 20, -3, -2, 5, -18, 9, 14, 15, 19, -7], [-12, -20, -17, -16, 5, 10, -7, 13, 12, 2, -13, 4, 19, -15, 16, 20, -3, 18, -19, 14]]},\n    outputs=[[-19, -15, -14, -11, -10, -8, -3, -1, 2, 3, 4, 8, 9, 10, 11, 13, 15, 17, 18, 20], [-18, -17, -16, -15, -14, -13, -11, -10, -1, 1, 4, 5, 6, 8, 9, 11, 14, 18, 19, 20], [-18, -13, -11, -10, -8, -6, -5, -4, 4, 5, 8, 9, 10, 12, 13, 14, 15, 17, 18, 20], [-20, -19, -18, -17, -16, -14, -13, -11, -9, -8, -7, -3, -2, 5, 6, 9, 14, 15, 19, 20], [-20, -19, -17, -16, -15, -13, -12, -7, -3, 2, 4, 5, 10, 12, 13, 14, 16, 18, 19, 20]],\n    solution='Sort(x)'\n)",
      "task_solution": "Sort(x)",
      "task_solution_weight": 2,
      "success": true,
      "elapsed_time": 0.1231393380148802,
      "num_unique_values": 35,
      "solution": "Sort(x)",
      "solution_weight": 2,
      "stats": {
        "num_examples": 5,
        "num_inputs": 1,
        "num_values_explored": 214,
        "num_explored_none": 119,
        "num_explored_concrete": 44,
        "num_explored_lambda": 51,
        "num_values_kept": 26,
        "num_kept_concrete": 6,
        "num_kept_lambda": 20,
        "temperature": 1.0,
        "explored_percent_none": 55.60747663551402,
        "explored_percent_concrete": 20.560747663551403,
        "explored_percent_lambda": 23.83177570093458,
        "kept_percent_concrete": 23.076923076923077,
        "kept_percent_lambda": 76.92307692307692
      }
    },
    {
      "task": "Task(\n    name='L20_tau0.30_s202_st8_eval:L20:tau0.30:16',\n    inputs_dict={'x': [[18, -17, -15, -3, -12, -11, -8, -7, -13, -2, 1, 4, 5, 19, 12, 13, 15, 17, -20, 9], [9, -19, -16, -15, -14, -13, 8, -8, -7, -6, -5, -1, 3, 4, 6, -20, -11, 10, 20, 19], [4, -19, -18, -15, -12, -11, -5, 8, -2, -1, 10, 3, -20, 5, 6, 7, -4, 9, 1, 12], [-18, -6, -17, -16, -7, -9, -14, 19, 8, 20, 1, 2, 5, 7, -15, 10, 16, 18, -4, -3], [10, -17, -15, 12, -12, -7, -5, -6, -4, -13, 1, 2, 3, -1, 11, 17, -18, 18, 19, 20]]},\n    outputs=[[-20, -17, -15, -13, -12, -11, -8, -7, -3, -2, 1, 4, 5, 9, 12, 13, 15, 17, 18, 19], [-20, -19, -16, -15, -14, -13, -11, -8, -7, -6, -5, -1, 3, 4, 6, 8, 9, 10, 19, 20], [-20, -19, -18, -15, -12, -11, -5, -4, -2, -1, 1, 3, 4, 5, 6, 7, 8, 9, 10, 12], [-18, -17, -16, -15, -14, -9, -7, -6, -4, -3, 1, 2, 5, 7, 8, 10, 16, 18, 19, 20], [-18, -17, -15, -13, -12, -7, -6, -5, -4, -1, 1, 2, 3, 10, 11, 12, 17, 18, 19, 20]],\n    solution='Sort(x)'\n)",
      "task_solution": "Sort(x)",
      "task_solution_weight": 2,
      "success": true,
      "elapsed_time": 0.12334277699119411,
      "num_unique_values": 36,
      "solution": "Sort(x)",
      "solution_weight": 2,
      "stats": {
        "num_examples": 5,
        "num_inputs": 1,
        "num_values_explored": 214,
        "num_explored_none": 120,
        "num_explored_concrete": 44,
        "num_explored_lambda": 50,
        "num_values_kept": 27,
        "num_kept_concrete": 7,
        "num_kept_lambda": 20,
        "temperature": 1.0,
        "explored_percent_none": 56.074766355140184,
        "explored_percent_concrete": 20.560747663551403,
        "explored_percent_lambda": 23.364485981308412,
        "kept_percent_concrete": 25.925925925925927,
        "kept_percent_lambda": 74.07407407407408
      }
    },
    {
      "task": "Task(\n    name='L20_tau0.30_s202_st8_eval:L20:tau0.30:17',\n    inputs_dict={'x': [[-19, 17, -14, 12, -12, -11, -8, -6, 2, 4, 14, 9, 11, -13, 19, 15, 16, -17, 8, 20], [-17, 15, -13, 16, -15, -2, -7, -8, -3, -1, -12, 5, 9, 10, 14, -9, 4, 18, 19, 20], [-12, -19, 11, 2, -20, -15, -10, 8, -8, -3, -1, -16, 4, 6, -9, 10, -17, 12, 13, 14], [11, -17, 5, -15, 19, -10, -3, 3, 4, -12, 7, 8, 9, -18, 13, 14, 15, 16, -16, 20], [-17, 13, -14, 20, -12, -15, -8, -7, -6, -4, 1, 4, 6, 9, 10, 11, 12, -10, 16, -13]]},\n    outputs=[[-19, -17, -14, -13, -12, -11, -8, -6, 2, 4, 8, 9, 11, 12, 14, 15, 16, 17, 19, 20], [-17, -15, -13, -12, -9, -8, -7, -3, -2, -1, 4, 5, 9, 10, 14, 15, 16, 18, 19, 20], [-20, -19, -17, -16, -15, -12, -10, -9, -8, -3, -1, 2, 4, 6, 8, 10, 11, 12, 13, 14], [-18, -17, -16, -15, -12, -10, -3, 3, 4, 5, 7, 8, 9, 11, 13, 14, 15, 16, 19, 20], [-17, -15, -14, -13, -12, -10, -8, -7, -6, -4, 1, 4, 6, 9, 10, 11, 12, 13, 16, 20]],\n    solution='Sort(x)'\n)",
      "task_solution": "Sort(x)",
      "task_solution_weight": 2,
      "success": true,
      "elapsed_time": 0.1153663239965681,
      "num_unique_values": 34,
      "solution": "Sort(x)",
      "solution_weight": 2,
      "stats": {
        "num_examples": 5,
        "num_inputs": 1,
        "num_values_explored": 214,
        "num_explored_none": 119,
        "num_explored_concrete": 44,
        "num_explored_lambda": 51,
        "num_values_kept": 25,
        "num_kept_concrete": 6,
        "num_kept_lambda": 19,
        "temperature": 1.0,
        "explored_percent_none": 55.60747663551402,
        "explored_percent_concrete": 20.560747663551403,
        "explored_percent_lambda": 23.83177570093458,
        "kept_percent_concrete": 24.0,
        "kept_percent_lambda": 76.0
      }
    },
    {
      "task": "Task(\n    name='L20_tau0.30_s202_st8_eval:L20:tau0.30:18',\n    inputs_dict={'x': [[-12, -19, -18, 15, -16, -15, -20, 1, 14, -7, -11, 5, 9, 11, 12, -8, 17, -17, 18, 19], [-17, -15, -14, 6, -11, 19, 16, -3, -1, 2, 3, -12, 10, 11, 12, 14, 15, -5, 17, -6], [-19, -17, -4, 5, 14, -10, -9, -6, -5, -16, -1, 2, -15, 6, 8, 10, 11, -14, 15, 20], [-16, 1, -20, -11, 20, -10, -7, -3, -1, -17, 3, 4, 15, 10, 12, 14, 9, 16, 18, -13], [-20, -19, -17, -15, -14, -11, 10, 3, -8, -1, 8, -4, -6, -3, -9, 5, -5, -12, 11, 13]]},\n    outputs=[[-20, -19, -18, -17, -16, -15, -12, -11, -8, -7, 1, 5, 9, 11, 12, 14, 15, 17, 18, 19], [-17, -15, -14, -12, -11, -6, -5, -3, -1, 2, 3, 6, 10, 11, 12, 14, 15, 16, 17, 19], [-19, -17, -16, -15, -14, -10, -9, -6, -5, -4, -1, 2, 5, 6, 8, 10, 11, 14, 15, 20], [-20, -17, -16, -13, -11, -10, -7, -3, -1, 1, 3, 4, 9, 10, 12, 14, 15, 16, 18, 20], [-20, -19, -17, -15, -14, -12, -11, -9, -8, -6, -5, -4, -3, -1, 3, 5, 8, 10, 11, 13]],\n    solution='Sort(x)'\n)",
      "task_solution": "Sort(x)",
      "task_solution_weight": 2,
      "success": true,
      "elapsed_time": 0.12503565300721675,
      "num_unique_values": 35,
      "solution": "Sort(x)",
      "solution_weight": 2,
      "stats": {
        "num_examples": 5,
        "num_inputs": 1,
        "num_values_explored": 214,
        "num_explored_none": 119,
        "num_explored_concrete": 44,
        "num_explored_lambda": 51,
        "num_values_kept": 26,
        "num_kept_concrete": 6,
        "num_kept_lambda": 20,
        "temperature": 1.0,
        "explored_percent_none": 55.60747663551402,
        "explored_percent_concrete": 20.560747663551403,
        "explored_percent_lambda": 23.83177570093458,
        "kept_percent_concrete": 23.076923076923077,
        "kept_percent_lambda": 76.92307692307692
      }
    },
    {
      "task": "Task(\n    name='L20_tau0.30_s202_st8_eval:L20:tau0.30:19',\n    inputs_dict={'x': [[-20, -19, 16, -17, -16, -15, -13, -11, 12, 2, -2, 1, -4, 8, 10, 18, 13, -18, -5, 19], [-20, -19, -16, 4, -14, -3, 16, -8, -13, -2, -1, 1, 3, 6, -15, 20, 18, -12, 13, 10], [-18, 4, -14, -13, -12, 8, -9, -16, 11, -4, 1, -3, 3, 9, -10, 2, -8, 14, 15, 19], [-19, -18, 10, -13, -6, 9, -8, 6, 1, 4, -10, -11, 13, 5, -16, 11, 12, 20, 18, 8], [-20, 17, -16, -15, -13, 5, -11, -9, -6, -4, -3, -1, 19, -12, 11, 13, 16, 4, -19, 18]]},\n    outputs=[[-20, -19, -18, -17, -16, -15, -13, -11, -5, -4, -2, 1, 2, 8, 10, 12, 13, 16, 18, 19], [-20, -19, -16, -15, -14, -13, -12, -8, -3, -2, -1, 1, 3, 4, 6, 10, 13, 16, 18, 20], [-18, -16, -14, -13, -12, -10, -9, -8, -4, -3, 1, 2, 3, 4, 8, 9, 11, 14, 15, 19], [-19, -18, -16, -13, -11, -10, -8, -6, 1, 4, 5, 6, 8, 9, 10, 11, 12, 13, 18, 20], [-20, -19, -16, -15, -13, -12, -11, -9, -6, -4, -3, -1, 4, 5, 11, 13, 16, 17, 18, 19]],\n    solution='Sort(x)'\n)",
      "task_solution": "Sort(x)",
      "task_solution_weight": 2,
      "success": true,
      "elapsed_time": 0.12202114998945035,
      "num_unique_values": 36,
      "solution": "Sort(x)",
      "solution_weight": 2,
      "stats": {
        "num_examples": 5,
        "num_inputs": 1,
        "num_values_explored": 213,
        "num_explored_none": 118,
        "num_explored_concrete": 44,
        "num_explored_lambda": 51,
        "num_values_kept": 27,
        "num_kept_concrete": 7,
        "num_kept_lambda": 20,
        "temperature": 1.0,
        "explored_percent_none": 55.39906103286385,
        "explored_percent_concrete": 20.657276995305164,
        "explored_percent_lambda": 23.943661971830984,
        "kept_percent_concrete": 25.925925925925927,
        "kept_percent_lambda": 74.07407407407408
      }
    },
    {
      "task": "Task(\n    name='L20_tau0.30_s202_st8_eval:L20:tau0.30:20',\n    inputs_dict={'x': [[-20, -13, -8, -11, 14, -7, -6, -5, -4, -3, 7, 20, 4, 1, 5, -2, 13, -12, 18, 2], [-19, -17, -9, 3, 17, -8, -3, 13, -1, -12, -2, 7, -14, 9, 12, 4, 14, 15, 8, 18], [-19, -15, -13, 2, 5, -10, -8, 1, -4, 13, 9, 3, -12, -5, -11, 11, 12, -1, 15, 17], [11, -15, -14, -12, 20, -10, -7, -5, 4, 1, 3, 12, 6, 7, -17, -3, 13, 18, 19, -11], [-11, -18, -17, -15, -14, -12, 12, 11, -8, -6, -5, -3, 1, 3, 4, 6, -10, 13, -20, 16]]},\n    outputs=[[-20, -13, -12, -11, -8, -7, -6, -5, -4, -3, -2, 1, 2, 4, 5, 7, 13, 14, 18, 20], [-19, -17, -14, -12, -9, -8, -3, -2, -1, 3, 4, 7, 8, 9, 12, 13, 14, 15, 17, 18], [-19, -15, -13, -12, -11, -10, -8, -5, -4, -1, 1, 2, 3, 5, 9, 11, 12, 13, 15, 17], [-17, -15, -14, -12, -11, -10, -7, -5, -3, 1, 3, 4, 6, 7, 11, 12, 13, 18, 19, 20], [-20, -18, -17, -15, -14, -12, -11, -10, -8, -6, -5, -3, 1, 3, 4, 6, 11, 12, 13, 16]],\n    solution='Sort(x)'\n)",
      "task_solution": "Sort(x)",
      "task_solution_weight": 2,
      "success": true,
      "elapsed_time": 0.12219732801895589,
      "num_unique_values": 35,
      "solution": "Sort(x)",
      "solution_weight": 2,
      "stats": {
        "num_examples": 5,
        "num_inputs": 1,
        "num_values_explored": 214,
        "num_explored_none": 118,
        "num_explored_concrete": 44,
        "num_explored_lambda": 52,
        "num_values_kept": 26,
        "num_kept_concrete": 6,
        "num_kept_lambda": 20,
        "temperature": 1.0,
        "explored_percent_none": 55.14018691588785,
        "explored_percent_concrete": 20.560747663551403,
        "explored_percent_lambda": 24.299065420560748,
        "kept_percent_concrete": 23.076923076923077,
        "kept_percent_lambda": 76.92307692307692
      }
    },
    {
      "task": "Task(\n    name='L20_tau0.30_s202_st8_eval:L20:tau0.30:21',\n    inputs_dict={'x': [[-20, -15, -18, -7, 17, -3, -1, -19, 6, -5, -13, -6, 4, -17, 13, 7, 10, 9, 5, -16], [-19, -18, 13, -9, -13, -10, -15, 15, -5, -4, 4, 7, 9, 11, 20, -17, 14, -8, 16, 12], [-20, -19, -6, -13, -15, 18, -4, -2, 3, 9, 2, -5, 4, 15, 1, 10, 13, 14, 6, -1], [-18, -17, 17, -15, -11, -9, 11, -6, 1, -4, -3, -1, -5, 2, 5, 6, 7, -7, 14, -16], [-19, 3, 10, -2, -12, -8, -7, -6, -5, -15, -4, 2, 5, -13, 6, -16, 14, 15, 16, 17]]},\n    outputs=[[-20, -19, -18, -17, -16, -15, -13, -7, -6, -5, -3, -1, 4, 5, 6, 7, 9, 10, 13, 17], [-19, -18, -17, -15, -13, -10, -9, -8, -5, -4, 4, 7, 9, 11, 12, 13, 14, 15, 16, 20], [-20, -19, -15, -13, -6, -5, -4, -2, -1, 1, 2, 3, 4, 6, 9, 10, 13, 14, 15, 18], [-18, -17, -16, -15, -11, -9, -7, -6, -5, -4, -3, -1, 1, 2, 5, 6, 7, 11, 14, 17], [-19, -16, -15, -13, -12, -8, -7, -6, -5, -4, -2, 2, 3, 5, 6, 10, 14, 15, 16, 17]],\n    solution='Sort(x)'\n)",
      "task_solution": "Sort(x)",
      "task_solution_weight": 2,
      "success": true,
      "elapsed_time": 0.12031870399368927,
      "num_unique_values": 34,
      "solution": "Sort(x)",
      "solution_weight": 2,
      "stats": {
        "num_examples": 5,
        "num_inputs": 1,
        "num_values_explored": 213,
        "num_explored_none": 117,
        "num_explored_concrete": 43,
        "num_explored_lambda": 53,
        "num_values_kept": 25,
        "num_kept_concrete": 6,
        "num_kept_lambda": 19,
        "temperature": 1.0,
        "explored_percent_none": 54.929577464788736,
        "explored_percent_concrete": 20.187793427230048,
        "explored_percent_lambda": 24.88262910798122,
        "kept_percent_concrete": 24.0,
        "kept_percent_lambda": 76.0
      }
    },
    {
