{
    "num_operations": 28,
    "num_tasks": 50,
    "num_tasks_solved": 0,
    "results": [
        {
            "elapsed_time": 0.3800321739981882,
            "num_unique_values": 55,
            "solution": null,
            "solution_weight": null,
            "stats": {
                "explored_percent_concrete": 35.267857142857146,
                "explored_percent_lambda": 17.678571428571427,
                "explored_percent_none": 47.05357142857143,
                "kept_percent_concrete": 73.91304347826087,
                "kept_percent_lambda": 26.08695652173913,
                "num_examples": 5,
                "num_explored_concrete": 395,
                "num_explored_lambda": 198,
                "num_explored_none": 527,
                "num_inputs": 1,
                "num_kept_concrete": 34,
                "num_kept_lambda": 12,
                "num_values_explored": 1120,
                "num_values_kept": 46,
                "temperature": 1.0
            },
            "success": false,
            "task": "Task(\n    name='sort_L14_nearly_adj4_eval:L14:nearly_sorted_adjacent:0',\n    inputs_dict={'x': [[-25, -19, -22, -16, -10, -11, -9, -7, -3, -1, 2, -2, 4, 16], [-18, -20, -16, -7, -15, -5, 1, -2, 11, 12, 14, 19, 17, 23], [-21, -25, -17, -18, -15, -14, -9, -4, 2, -3, 15, 9, 16, 25], [-21, -17, -13, -1, -7, 4, 5, 10, 11, 15, 14, 16, 18, 19], [-24, -18, -19, -16, -10, -7, -4, 11, 4, 10, 14, 20, 18, 22]]},\n    outputs=[[-25, -22, -19, -16, -11, -10, -9, -7, -3, -2, -1, 2, 4, 16], [-20, -18, -16, -15, -7, -5, -2, 1, 11, 12, 14, 17, 19, 23], [-25, -21, -18, -17, -15, -14, -9, -4, -3, 2, 9, 15, 16, 25], [-21, -17, -13, -7, -1, 4, 5, 10, 11, 14, 15, 16, 18, 19], [-24, -19, -18, -16, -10, -7, -4, 4, 10, 11, 14, 18, 20, 22]],\n    solution='Sort(x)'\n)",
            "task_solution": "Sort(x)",
            "task_solution_weight": null
        },
        {
            "elapsed_time": 0.27820226599578746,
            "num_unique_values": 49,
            "solution": null,
            "solution_weight": null,
            "stats": {
                "explored_percent_concrete": 37.142857142857146,
                "explored_percent_lambda": 14.404761904761905,
                "explored_percent_none": 48.45238095238095,
                "kept_percent_concrete": 72.5,
                "kept_percent_lambda": 27.5,
                "num_examples": 5,
                "num_explored_concrete": 312,
                "num_explored_lambda": 121,
                "num_explored_none": 407,
                "num_inputs": 1,
                "num_kept_concrete": 29,
                "num_kept_lambda": 11,
                "num_values_explored": 840,
                "num_values_kept": 40,
                "temperature": 1.0
            },
            "success": false,
            "task": "Task(\n    name='sort_L14_nearly_adj4_eval:L14:nearly_sorted_adjacent:1',\n    inputs_dict={'x': [[-23, -21, -20, -18, -11, -15, -4, 2, 0, 8, 11, 15, 18, 25], [-24, -15, -8, -2, 4, 6, 12, 13, 7, 15, 18, 22, 23, 25], [-22, -21, -19, -14, -12, -3, -2, 0, 4, 6, 3, 8, 17, 19], [-25, -19, -10, -18, -4, -2, -1, 9, 13, 10, 20, 22, 23, 24], [-21, -19, -18, -9, -16, -10, -6, 0, 9, 1, 15, 23, 21, 25]]},\n    outputs=[[-23, -21, -20, -18, -15, -11, -4, 0, 2, 8, 11, 15, 18, 25], [-24, -15, -8, -2, 4, 6, 7, 12, 13, 15, 18, 22, 23, 25], [-22, -21, -19, -14, -12, -3, -2, 0, 3, 4, 6, 8, 17, 19], [-25, -19, -18, -10, -4, -2, -1, 9, 10, 13, 20, 22, 23, 24], [-21, -19, -18, -16, -10, -9, -6, 0, 1, 9, 15, 21, 23, 25]],\n    solution='Sort(x)'\n)",
            "task_solution": "Sort(x)",
            "task_solution_weight": null
        },
        {
            "elapsed_time": 0.283644020993961,
            "num_unique_values": 50,
            "solution": null,
            "solution_weight": null,
            "stats": {
                "explored_percent_concrete": 28.928571428571427,
                "explored_percent_lambda": 17.976190476190474,
                "explored_percent_none": 53.095238095238095,
                "kept_percent_concrete": 68.29268292682927,
                "kept_percent_lambda": 31.70731707317073,
                "num_examples": 5,
                "num_explored_concrete": 243,
                "num_explored_lambda": 151,
                "num_explored_none": 446,
                "num_inputs": 1,
                "num_kept_concrete": 28,
                "num_kept_lambda": 13,
                "num_values_explored": 840,
                "num_values_kept": 41,
                "temperature": 1.0
            },
            "success": false,
            "task": "Task(\n    name='sort_L14_nearly_adj4_eval:L14:nearly_sorted_adjacent:2',\n    inputs_dict={'x': [[-24, -23, -11, -19, -6, -3, -2, 4, 11, 7, 17, 22, 23, 24], [-18, -21, -20, -16, -15, -11, -12, -1, -4, 0, 3, 6, 14, 19], [-18, -8, -5, -6, -2, 2, 11, 6, 13, 14, 15, 16, 24, 25], [-24, -19, -22, -14, -17, -5, -2, 2, 7, 4, 5, 8, 13, 23], [-25, -18, -15, -21, -7, -3, -5, -1, 5, 4, 7, 9, 11, 17]]},\n    outputs=[[-24, -23, -19, -11, -6, -3, -2, 4, 7, 11, 17, 22, 23, 24], [-21, -20, -18, -16, -15, -12, -11, -4, -1, 0, 3, 6, 14, 19], [-18, -8, -6, -5, -2, 2, 6, 11, 13, 14, 15, 16, 24, 25], [-24, -22, -19, -17, -14, -5, -2, 2, 4, 5, 7, 8, 13, 23], [-25, -21, -18, -15, -7, -5, -3, -1, 4, 5, 7, 9, 11, 17]],\n    solution='Sort(x)'\n)",
            "task_solution": "Sort(x)",
            "task_solution_weight": null
        },
        {
            "elapsed_time": 0.2622995199926663,
            "num_unique_values": 44,
            "solution": null,
            "solution_weight": null,
            "stats": {
                "explored_percent_concrete": 35.833333333333336,
                "explored_percent_lambda": 16.428571428571427,
                "explored_percent_none": 47.73809523809524,
                "kept_percent_concrete": 77.14285714285714,
                "kept_percent_lambda": 22.857142857142858,
                "num_examples": 5,
                "num_explored_concrete": 301,
                "num_explored_lambda": 138,
                "num_explored_none": 401,
                "num_inputs": 1,
                "num_kept_concrete": 27,
                "num_kept_lambda": 8,
                "num_values_explored": 840,
                "num_values_kept": 35,
                "temperature": 1.0
            },
            "success": false,
            "task": "Task(\n    name='sort_L14_nearly_adj4_eval:L14:nearly_sorted_adjacent:3',\n    inputs_dict={'x': [[-19, -11, -8, -4, -3, -1, 0, 3, 16, 6, 17, 21, 19, 23], [-24, -23, -14, -18, -12, -10, -4, -6, -3, 3, 4, 2, 5, 19], [-20, -19, -18, -5, -8, -4, -2, 2, 4, 5, 8, 6, 20, 21], [-22, -23, -6, -16, -14, -2, 3, 2, 10, 12, 17, 18, 23, 25], [-25, -21, -12, -8, -1, -9, 5, 1, 12, 14, 16, 20, 18, 25]]},\n    outputs=[[-19, -11, -8, -4, -3, -1, 0, 3, 6, 16, 17, 19, 21, 23], [-24, -23, -18, -14, -12, -10, -6, -4, -3, 2, 3, 4, 5, 19], [-20, -19, -18, -8, -5, -4, -2, 2, 4, 5, 6, 8, 20, 21], [-23, -22, -16, -14, -6, -2, 2, 3, 10, 12, 17, 18, 23, 25], [-25, -21, -12, -9, -8, -1, 1, 5, 12, 14, 16, 18, 20, 25]],\n    solution='Sort(x)'\n)",
            "task_solution": "Sort(x)",
            "task_solution_weight": null
        },
        {
            "elapsed_time": 0.3199540790228639,
            "num_unique_values": 59,
            "solution": null,
            "solution_weight": null,
            "stats": {
                "explored_percent_concrete": 32.023809523809526,
                "explored_percent_lambda": 20.238095238095237,
                "explored_percent_none": 47.73809523809524,
                "kept_percent_concrete": 58.0,
                "kept_percent_lambda": 42.0,
                "num_examples": 5,
                "num_explored_concrete": 269,
                "num_explored_lambda": 170,
                "num_explored_none": 401,
                "num_inputs": 1,
                "num_kept_concrete": 29,
                "num_kept_lambda": 21,
                "num_values_explored": 840,
                "num_values_kept": 50,
                "temperature": 1.0
            },
            "success": false,
            "task": "Task(\n    name='sort_L14_nearly_adj4_eval:L14:nearly_sorted_adjacent:4',\n    inputs_dict={'x': [[-22, -25, -18, -19, -16, -17, -9, 1, -8, 9, 16, 18, 19, 24], [-17, -15, -14, -10, -6, -8, -3, -4, -2, 3, 7, 14, 25, 9], [-18, -21, -17, -11, 4, 8, -2, 14, 11, 18, 20, 21, 23, 24], [-25, -22, -18, -23, -14, -10, -3, 6, 7, 14, 17, 19, 22, 24], [-19, -11, -8, 0, -4, 1, 5, 9, 10, 12, 17, 14, 23, 25]]},\n    outputs=[[-25, -22, -19, -18, -17, -16, -9, -8, 1, 9, 16, 18, 19, 24], [-17, -15, -14, -10, -8, -6, -4, -3, -2, 3, 7, 9, 14, 25], [-21, -18, -17, -11, -2, 4, 8, 11, 14, 18, 20, 21, 23, 24], [-25, -23, -22, -18, -14, -10, -3, 6, 7, 14, 17, 19, 22, 24], [-19, -11, -8, -4, 0, 1, 5, 9, 10, 12, 14, 17, 23, 25]],\n    solution='Sort(x)'\n)",
            "task_solution": "Sort(x)",
            "task_solution_weight": null
        },
        {
            "elapsed_time": 0.4514326789940242,
            "num_unique_values": 53,
            "solution": null,
            "solution_weight": null,
            "stats": {
                "explored_percent_concrete": 30.089285714285715,
                "explored_percent_lambda": 17.232142857142858,
                "explored_percent_none": 52.67857142857143,
                "kept_percent_concrete": 70.45454545454545,
                "kept_percent_lambda": 29.545454545454547,
                "num_examples": 5,
                "num_explored_concrete": 337,
                "num_explored_lambda": 193,
                "num_explored_none": 590,
                "num_inputs": 1,
                "num_kept_concrete": 31,
                "num_kept_lambda": 13,
                "num_values_explored": 1120,
                "num_values_kept": 44,
                "temperature": 1.0
            },
            "success": false,
            "task": "Task(\n    name='sort_L14_nearly_adj4_eval:L14:nearly_sorted_adjacent:5',\n    inputs_dict={'x': [[-24, -21, -14, -17, -11, -3, 2, 3, 17, 6, 4, 21, 23, 25], [-22, -20, -15, -8, 0, -9, 2, 6, 7, 8, 14, 17, 18, 25], [-25, -20, -15, -10, -9, -6, -2, -1, 4, 10, 7, 18, 24, 20], [-23, -25, -21, -22, -20, -15, -10, -12, -5, -6, -2, 5, 6, 19], [-22, -21, -9, -19, -5, -1, 7, 4, 11, 12, 13, 17, 21, 24]]},\n    outputs=[[-24, -21, -17, -14, -11, -3, 2, 3, 4, 6, 17, 21, 23, 25], [-22, -20, -15, -9, -8, 0, 2, 6, 7, 8, 14, 17, 18, 25], [-25, -20, -15, -10, -9, -6, -2, -1, 4, 7, 10, 18, 20, 24], [-25, -23, -22, -21, -20, -15, -12, -10, -6, -5, -2, 5, 6, 19], [-22, -21, -19, -9, -5, -1, 4, 7, 11, 12, 13, 17, 21, 24]],\n    solution='Sort(x)'\n)",
            "task_solution": "Sort(x)",
            "task_solution_weight": null
        },
        {
            "elapsed_time": 0.2762811669963412,
            "num_unique_values": 43,
            "solution": null,
            "solution_weight": null,
            "stats": {
                "explored_percent_concrete": 33.333333333333336,
                "explored_percent_lambda": 15.357142857142858,
                "explored_percent_none": 51.30952380952381,
                "kept_percent_concrete": 76.47058823529412,
                "kept_percent_lambda": 23.529411764705884,
                "num_examples": 5,
                "num_explored_concrete": 280,
                "num_explored_lambda": 129,
                "num_explored_none": 431,
                "num_inputs": 1,
                "num_kept_concrete": 26,
                "num_kept_lambda": 8,
                "num_values_explored": 840,
                "num_values_kept": 34,
                "temperature": 1.0
            },
            "success": false,
            "task": "Task(\n    name='sort_L14_nearly_adj4_eval:L14:nearly_sorted_adjacent:6',\n    inputs_dict={'x': [[-25, -23, -21, -19, -18, 7, -16, 8, 11, 10, 17, 19, 22, 18], [-20, -10, -15, -5, -3, -1, 1, 2, 3, 9, 17, 6, 14, 24], [-25, -20, -17, -12, 0, 4, 2, 7, 10, 11, 12, 19, 16, 22], [-25, -23, -7, -24, -14, -9, -6, -5, 3, 4, 20, 22, 24, 25], [-22, -16, -21, -20, -12, -4, -6, -1, 8, 13, 16, 14, 17, 19]]},\n    outputs=[[-25, -23, -21, -19, -18, -16, 7, 8, 10, 11, 17, 18, 19, 22], [-20, -15, -10, -5, -3, -1, 1, 2, 3, 6, 9, 14, 17, 24], [-25, -20, -17, -12, 0, 2, 4, 7, 10, 11, 12, 16, 19, 22], [-25, -24, -23, -14, -9, -7, -6, -5, 3, 4, 20, 22, 24, 25], [-22, -21, -20, -16, -12, -6, -4, -1, 8, 13, 14, 16, 17, 19]],\n    solution='Sort(x)'\n)",
            "task_solution": "Sort(x)",
            "task_solution_weight": null
        },
        {
            "elapsed_time": 0.33977643901016563,
            "num_unique_values": 47,
            "solution": null,
            "solution_weight": null,
            "stats": {
                "explored_percent_concrete": 38.57142857142857,
                "explored_percent_lambda": 15.803571428571429,
                "explored_percent_none": 45.625,
                "kept_percent_concrete": 84.21052631578948,
                "kept_percent_lambda": 15.789473684210526,
                "num_examples": 5,
                "num_explored_concrete": 432,
                "num_explored_lambda": 177,
                "num_explored_none": 511,
                "num_inputs": 1,
                "num_kept_concrete": 32,
                "num_kept_lambda": 6,
                "num_values_explored": 1120,
                "num_values_kept": 38,
                "temperature": 1.0
            },
            "success": false,
            "task": "Task(\n    name='sort_L14_nearly_adj4_eval:L14:nearly_sorted_adjacent:7',\n    inputs_dict={'x': [[-21, -17, -12, -14, -11, -8, -4, -6, 2, 3, -1, 6, 8, 20], [-15, -7, -21, -6, -2, -1, 6, 7, 11, 13, 19, 20, 21, 23], [-23, -18, -20, -7, -17, 1, 4, 6, 10, 7, 13, 23, 18, 25], [-21, -25, -19, -17, -13, -10, -11, -6, -9, 5, 3, 8, 17, 22], [-17, -18, -15, -11, -5, -2, 4, 6, 10, 11, 18, 19, 22, 17]]},\n    outputs=[[-21, -17, -14, -12, -11, -8, -6, -4, -1, 2, 3, 6, 8, 20], [-21, -15, -7, -6, -2, -1, 6, 7, 11, 13, 19, 20, 21, 23], [-23, -20, -18, -17, -7, 1, 4, 6, 7, 10, 13, 18, 23, 25], [-25, -21, -19, -17, -13, -11, -10, -9, -6, 3, 5, 8, 17, 22], [-18, -17, -15, -11, -5, -2, 4, 6, 10, 11, 17, 18, 19, 22]],\n    solution='Sort(x)'\n)",
            "task_solution": "Sort(x)",
            "task_solution_weight": null
        },
        {
            "elapsed_time": 0.42436436100979336,
            "num_unique_values": 53,
            "solution": null,
            "solution_weight": null,
            "stats": {
                "explored_percent_concrete": 24.464285714285715,
                "explored_percent_lambda": 24.464285714285715,
                "explored_percent_none": 51.07142857142857,
                "kept_percent_concrete": 54.54545454545455,
                "kept_percent_lambda": 45.45454545454545,
                "num_examples": 5,
                "num_explored_concrete": 274,
                "num_explored_lambda": 274,
                "num_explored_none": 572,
                "num_inputs": 1,
                "num_kept_concrete": 24,
                "num_kept_lambda": 20,
                "num_values_explored": 1120,
                "num_values_kept": 44,
                "temperature": 1.0
            },
            "success": false,
            "task": "Task(\n    name='sort_L14_nearly_adj4_eval:L14:nearly_sorted_adjacent:8',\n    inputs_dict={'x': [[-25, -23, -20, -18, -13, -4, -9, 0, 4, -1, 11, 13, 20, 14], [-24, -18, -19, -17, -1, -8, 0, 2, 4, 8, 9, 12, 16, 19], [-22, -23, -19, -18, -2, -14, -1, 2, 13, 20, 15, 17, 23, 25], [-25, -21, -20, -16, -11, -14, -8, -6, -5, -3, -4, 3, 6, 20], [-23, -21, -20, -15, -11, -10, 1, 6, 10, 8, 12, 19, 16, 24]]},\n    outputs=[[-25, -23, -20, -18, -13, -9, -4, -1, 0, 4, 11, 13, 14, 20], [-24, -19, -18, -17, -8, -1, 0, 2, 4, 8, 9, 12, 16, 19], [-23, -22, -19, -18, -14, -2, -1, 2, 13, 15, 17, 20, 23, 25], [-25, -21, -20, -16, -14, -11, -8, -6, -5, -4, -3, 3, 6, 20], [-23, -21, -20, -15, -11, -10, 1, 6, 8, 10, 12, 16, 19, 24]],\n    solution='Sort(x)'\n)",
            "task_solution": "Sort(x)",
            "task_solution_weight": null
        },
        {
            "elapsed_time": 0.4532120320072863,
            "num_unique_values": 58,
            "solution": null,
            "solution_weight": null,
            "stats": {
                "explored_percent_concrete": 36.142857142857146,
                "explored_percent_lambda": 16.428571428571427,
                "explored_percent_none": 47.42857142857143,
                "kept_percent_concrete": 83.6734693877551,
                "kept_percent_lambda": 16.3265306122449,
                "num_examples": 5,
                "num_explored_concrete": 506,
                "num_explored_lambda": 230,
                "num_explored_none": 664,
                "num_inputs": 1,
                "num_kept_concrete": 41,
                "num_kept_lambda": 8,
                "num_values_explored": 1400,
                "num_values_kept": 49,
                "temperature": 1.0
            },
            "success": false,
            "task": "Task(\n    name='sort_L14_nearly_adj4_eval:L14:nearly_sorted_adjacent:9',\n    inputs_dict={'x': [[-22, -20, -15, -12, -19, -8, -5, -2, 7, 3, 13, 9, 20, 22], [-24, -25, -23, -8, -19, -18, -7, 3, -6, 9, 13, 15, 17, 25], [-23, -13, -19, -6, -2, 9, 7, 10, 14, 12, 16, 22, 19, 23], [-25, -22, -19, -18, -15, -9, 5, 1, 0, 7, 12, 11, 14, 16], [-21, -24, -18, -8, -12, -5, -2, 1, 0, 12, 9, 14, 22, 24]]},\n    outputs=[[-22, -20, -19, -15, -12, -8, -5, -2, 3, 7, 9, 13, 20, 22], [-25, -24, -23, -19, -18, -8, -7, -6, 3, 9, 13, 15, 17, 25], [-23, -19, -13, -6, -2, 7, 9, 10, 12, 14, 16, 19, 22, 23], [-25, -22, -19, -18, -15, -9, 0, 1, 5, 7, 11, 12, 14, 16], [-24, -21, -18, -12, -8, -5, -2, 0, 1, 9, 12, 14, 22, 24]],\n    solution='Sort(x)'\n)",
            "task_solution": "Sort(x)",
            "task_solution_weight": null
        },
        {
            "elapsed_time": 0.3266110080003273,
            "num_unique_values": 60,
            "solution": null,
            "solution_weight": null,
            "stats": {
                "explored_percent_concrete": 24.404761904761905,
                "explored_percent_lambda": 25.952380952380953,
                "explored_percent_none": 49.642857142857146,
                "kept_percent_concrete": 49.01960784313726,
                "kept_percent_lambda": 50.98039215686274,
                "num_examples": 5,
                "num_explored_concrete": 205,
                "num_explored_lambda": 218,
                "num_explored_none": 417,
                "num_inputs": 1,
                "num_kept_concrete": 25,
                "num_kept_lambda": 26,
                "num_values_explored": 840,
                "num_values_kept": 51,
                "temperature": 1.0
            },
            "success": false,
            "task": "Task(\n    name='sort_L14_nearly_adj4_eval:L14:nearly_sorted_adjacent:10',\n    inputs_dict={'x': [[-21, -19, -14, -15, -12, -1, -6, 5, 2, 15, 12, 22, 23, 25], [-23, -24, -19, -21, -12, -6, -2, 3, 4, 10, 11, 14, 15, 16], [-17, -21, -16, -14, -12, -13, -10, 3, 6, 9, 10, 18, 22, 25], [-20, -18, -17, -16, -14, -10, -11, 0, 3, 6, 19, 21, 20, 22], [-24, -19, -20, -17, -16, -14, -15, -10, -13, -4, -1, -3, 2, 21]]},\n    outputs=[[-21, -19, -15, -14, -12, -6, -1, 2, 5, 12, 15, 22, 23, 25], [-24, -23, -21, -19, -12, -6, -2, 3, 4, 10, 11, 14, 15, 16], [-21, -17, -16, -14, -13, -12, -10, 3, 6, 9, 10, 18, 22, 25], [-20, -18, -17, -16, -14, -11, -10, 0, 3, 6, 19, 20, 21, 22], [-24, -20, -19, -17, -16, -15, -14, -13, -10, -4, -3, -1, 2, 21]],\n    solution='Sort(x)'\n)",
            "task_solution": "Sort(x)",
            "task_solution_weight": null
        },
        {
            "elapsed_time": 0.2813482690253295,
            "num_unique_values": 51,
            "solution": null,
            "solution_weight": null,
            "stats": {
                "explored_percent_concrete": 35.95238095238095,
                "explored_percent_lambda": 19.523809523809526,
                "explored_percent_none": 44.523809523809526,
                "kept_percent_concrete": 78.57142857142857,
                "kept_percent_lambda": 21.428571428571427,
                "num_examples": 5,
                "num_explored_concrete": 302,
                "num_explored_lambda": 164,
                "num_explored_none": 374,
                "num_inputs": 1,
                "num_kept_concrete": 33,
                "num_kept_lambda": 9,
                "num_values_explored": 840,
                "num_values_kept": 42,
                "temperature": 1.0
            },
            "success": false,
            "task": "Task(\n    name='sort_L14_nearly_adj4_eval:L14:nearly_sorted_adjacent:11',\n    inputs_dict={'x': [[-24, -22, -19, -4, -3, 0, -1, 9, 7, 12, 14, 17, 22, 24], [-21, -24, -19, -15, -16, -13, -9, -12, 1, 6, 3, 8, 16, 25], [-19, -18, -14, -17, -12, -7, -5, 3, 0, 6, 14, 15, 21, 23], [-23, -18, -21, -16, -9, -4, 0, 1, 5, 7, 9, 12, 24, 16], [-20, -14, -12, -6, -3, 2, -5, 7, 4, 9, 11, 19, 17, 25]]},\n    outputs=[[-24, -22, -19, -4, -3, -1, 0, 7, 9, 12, 14, 17, 22, 24], [-24, -21, -19, -16, -15, -13, -12, -9, 1, 3, 6, 8, 16, 25], [-19, -18, -17, -14, -12, -7, -5, 0, 3, 6, 14, 15, 21, 23], [-23, -21, -18, -16, -9, -4, 0, 1, 5, 7, 9, 12, 16, 24], [-20, -14, -12, -6, -5, -3, 2, 4, 7, 9, 11, 17, 19, 25]],\n    solution='Sort(x)'\n)",
            "task_solution": "Sort(x)",
            "task_solution_weight": null
        },
        {
            "elapsed_time": 0.27026902898796834,
            "num_unique_values": 47,
            "solution": null,
            "solution_weight": null,
            "stats": {
                "explored_percent_concrete": 34.523809523809526,
                "explored_percent_lambda": 16.30952380952381,
                "explored_percent_none": 49.166666666666664,
                "kept_percent_concrete": 78.94736842105263,
                "kept_percent_lambda": 21.05263157894737,
                "num_examples": 5,
                "num_explored_concrete": 290,
                "num_explored_lambda": 137,
                "num_explored_none": 413,
                "num_inputs": 1,
                "num_kept_concrete": 30,
                "num_kept_lambda": 8,
                "num_values_explored": 840,
                "num_values_kept": 38,
                "temperature": 1.0
            },
            "success": false,
            "task": "Task(\n    name='sort_L14_nearly_adj4_eval:L14:nearly_sorted_adjacent:12',\n    inputs_dict={'x': [[-17, -19, -16, -12, -10, -8, 0, 9, 15, 1, 17, 19, 18, 25], [-21, -15, -17, -14, -13, -8, -7, -5, -3, 0, 3, 1, 7, 14], [-10, -24, -20, -4, 0, 8, 10, 11, 13, 15, 12, 17, 18, 20], [-25, -22, -23, -20, -17, -7, -2, -3, 1, 4, 8, 12, 7, 13], [-25, -24, -5, -20, -3, -4, -2, 10, 3, 7, 11, 13, 15, 19]]},\n    outputs=[[-19, -17, -16, -12, -10, -8, 0, 1, 9, 15, 17, 18, 19, 25], [-21, -17, -15, -14, -13, -8, -7, -5, -3, 0, 1, 3, 7, 14], [-24, -20, -10, -4, 0, 8, 10, 11, 12, 13, 15, 17, 18, 20], [-25, -23, -22, -20, -17, -7, -3, -2, 1, 4, 7, 8, 12, 13], [-25, -24, -20, -5, -4, -3, -2, 3, 7, 10, 11, 13, 15, 19]],\n    solution='Sort(x)'\n)",
            "task_solution": "Sort(x)",
            "task_solution_weight": null
        },
        {
            "elapsed_time": 0.28492094500688836,
            "num_unique_values": 54,
            "solution": null,
            "solution_weight": null,
            "stats": {
                "explored_percent_concrete": 32.73809523809524,
                "explored_percent_lambda": 18.452380952380953,
                "explored_percent_none": 48.80952380952381,
                "kept_percent_concrete": 71.11111111111111,
                "kept_percent_lambda": 28.88888888888889,
                "num_examples": 5,
                "num_explored_concrete": 275,
                "num_explored_lambda": 155,
                "num_explored_none": 410,
                "num_inputs": 1,
                "num_kept_concrete": 32,
                "num_kept_lambda": 13,
                "num_values_explored": 840,
                "num_values_kept": 45,
                "temperature": 1.0
            },
            "success": false,
            "task": "Task(\n    name='sort_L14_nearly_adj4_eval:L14:nearly_sorted_adjacent:13',\n    inputs_dict={'x': [[-24, -22, -18, -16, -8, -2, 5, 7, 6, 14, 18, 15, 19, 24], [-20, -19, -16, -13, -11, -6, 5, -2, -1, 12, 13, 15, 21, 24], [-25, -20, -23, -7, -18, -9, -2, 0, 3, 9, 18, 19, 25, 21], [-25, -16, -22, -21, -14, -10, -8, -3, 3, 13, 11, 14, 17, 16], [-17, -12, -16, -4, -1, -2, 0, 2, 7, 12, 19, 15, 18, 21]]},\n    outputs=[[-24, -22, -18, -16, -8, -2, 5, 6, 7, 14, 15, 18, 19, 24], [-20, -19, -16, -13, -11, -6, -2, -1, 5, 12, 13, 15, 21, 24], [-25, -23, -20, -18, -9, -7, -2, 0, 3, 9, 18, 19, 21, 25], [-25, -22, -21, -16, -14, -10, -8, -3, 3, 11, 13, 14, 16, 17], [-17, -16, -12, -4, -2, -1, 0, 2, 7, 12, 15, 18, 19, 21]],\n    solution='Sort(x)'\n)",
            "task_solution": "Sort(x)",
            "task_solution_weight": null
        },
        {
            "elapsed_time": 0.291734603990335,
            "num_unique_values": 49,
            "solution": null,
            "solution_weight": null,
            "stats": {
                "explored_percent_concrete": 32.5,
                "explored_percent_lambda": 15.476190476190476,
                "explored_percent_none": 52.023809523809526,
                "kept_percent_concrete": 72.5,
                "kept_percent_lambda": 27.5,
                "num_examples": 5,
                "num_explored_concrete": 273,
                "num_explored_lambda": 130,
                "num_explored_none": 437,
                "num_inputs": 1,
                "num_kept_concrete": 29,
                "num_kept_lambda": 11,
                "num_values_explored": 840,
                "num_values_kept": 40,
                "temperature": 1.0
            },
            "success": false,
            "task": "Task(\n    name='sort_L14_nearly_adj4_eval:L14:nearly_sorted_adjacent:14',\n    inputs_dict={'x': [[-19, -14, -10, -12, -7, -2, 1, 0, 3, 6, 2, 9, 10, 12], [-21, -16, -13, -12, -1, -5, 2, 4, 6, 7, 8, 15, 12, 24], [-20, -14, -16, -1, 1, 5, 9, 7, 10, 15, 21, 20, 25, 24], [-21, -23, -18, -17, -20, -13, -10, -9, -3, -6, 1, 6, 8, 17], [-25, -24, -20, -17, -9, -5, 9, -2, 3, 10, 14, 15, 18, 25]]},\n    outputs=[[-19, -14, -12, -10, -7, -2, 0, 1, 2, 3, 6, 9, 10, 12], [-21, -16, -13, -12, -5, -1, 2, 4, 6, 7, 8, 12, 15, 24], [-20, -16, -14, -1, 1, 5, 7, 9, 10, 15, 20, 21, 24, 25], [-23, -21, -20, -18, -17, -13, -10, -9, -6, -3, 1, 6, 8, 17], [-25, -24, -20, -17, -9, -5, -2, 3, 9, 10, 14, 15, 18, 25]],\n    solution='Sort(x)'\n)",
            "task_solution": "Sort(x)",
            "task_solution_weight": null
        },
        {
            "elapsed_time": 0.2878194839868229,
            "num_unique_values": 53,
            "solution": null,
            "solution_weight": null,
            "stats": {
                "explored_percent_concrete": 31.547619047619047,
                "explored_percent_lambda": 20.595238095238095,
                "explored_percent_none": 47.857142857142854,
                "kept_percent_concrete": 65.9090909090909,
                "kept_percent_lambda": 34.09090909090909,
                "num_examples": 5,
                "num_explored_concrete": 265,
                "num_explored_lambda": 173,
                "num_explored_none": 402,
                "num_inputs": 1,
                "num_kept_concrete": 29,
                "num_kept_lambda": 15,
                "num_values_explored": 840,
                "num_values_kept": 44,
                "temperature": 1.0
            },
            "success": false,
            "task": "Task(\n    name='sort_L14_nearly_adj4_eval:L14:nearly_sorted_adjacent:15',\n    inputs_dict={'x': [[-20, -25, -13, -17, -9, -8, -2, 5, 9, 11, 12, 15, 23, 25], [-21, -14, -17, -11, -4, 4, 8, 5, 10, 16, 11, 18, 24, 20], [-18, -25, -6, -17, -15, -1, 7, 2, 9, 10, 14, 15, 17, 18], [-21, -24, -20, 0, -2, -16, 7, 8, 9, 12, 13, 17, 19, 24], [-25, -20, -24, -19, -17, -16, -15, -10, -8, 13, -6, 15, 17, 19]]},\n    outputs=[[-25, -20, -17, -13, -9, -8, -2, 5, 9, 11, 12, 15, 23, 25], [-21, -17, -14, -11, -4, 4, 5, 8, 10, 11, 16, 18, 20, 24], [-25, -18, -17, -15, -6, -1, 2, 7, 9, 10, 14, 15, 17, 18], [-24, -21, -20, -16, -2, 0, 7, 8, 9, 12, 13, 17, 19, 24], [-25, -24, -20, -19, -17, -16, -15, -10, -8, -6, 13, 15, 17, 19]],\n    solution='Sort(x)'\n)",
            "task_solution": "Sort(x)",
            "task_solution_weight": null
        },
        {
            "elapsed_time": 0.28975651299697347,
            "num_unique_values": 55,
            "solution": null,
            "solution_weight": null,
            "stats": {
                "explored_percent_concrete": 36.904761904761905,
                "explored_percent_lambda": 19.047619047619047,
                "explored_percent_none": 44.04761904761905,
                "kept_percent_concrete": 76.08695652173913,
                "kept_percent_lambda": 23.91304347826087,
                "num_examples": 5,
                "num_explored_concrete": 310,
                "num_explored_lambda": 160,
                "num_explored_none": 370,
                "num_inputs": 1,
                "num_kept_concrete": 35,
                "num_kept_lambda": 11,
                "num_values_explored": 840,
                "num_values_kept": 46,
                "temperature": 1.0
            },
            "success": false,
            "task": "Task(\n    name='sort_L14_nearly_adj4_eval:L14:nearly_sorted_adjacent:16',\n    inputs_dict={'x': [[-17, -25, -10, -8, -4, -1, 2, 6, 10, 12, 18, 13, 20, 23], [-17, -19, -15, -5, 1, -3, 4, 5, 9, 11, 15, 21, 22, 23], [-21, -15, -14, -6, -11, -5, -3, -2, 6, 2, 9, 17, 20, 24], [-25, -14, -22, -8, -9, -2, 5, 6, 8, 10, 11, 12, 13, 24], [-20, -23, -22, -19, -11, -8, 1, 4, 7, 10, 15, 19, 20, 25]]},\n    outputs=[[-25, -17, -10, -8, -4, -1, 2, 6, 10, 12, 13, 18, 20, 23], [-19, -17, -15, -5, -3, 1, 4, 5, 9, 11, 15, 21, 22, 23], [-21, -15, -14, -11, -6, -5, -3, -2, 2, 6, 9, 17, 20, 24], [-25, -22, -14, -9, -8, -2, 5, 6, 8, 10, 11, 12, 13, 24], [-23, -22, -20, -19, -11, -8, 1, 4, 7, 10, 15, 19, 20, 25]],\n    solution='Sort(x)'\n)",
            "task_solution": "Sort(x)",
            "task_solution_weight": null
        },
        {
            "elapsed_time": 0.2784589799994137,
            "num_unique_values": 48,
            "solution": null,
            "solution_weight": null,
            "stats": {
                "explored_percent_concrete": 38.333333333333336,
                "explored_percent_lambda": 15.952380952380953,
                "explored_percent_none": 45.714285714285715,
                "kept_percent_concrete": 82.05128205128206,
                "kept_percent_lambda": 17.94871794871795,
                "num_examples": 5,
                "num_explored_concrete": 322,
                "num_explored_lambda": 134,
                "num_explored_none": 384,
                "num_inputs": 1,
                "num_kept_concrete": 32,
                "num_kept_lambda": 7,
                "num_values_explored": 840,
                "num_values_kept": 39,
                "temperature": 1.0
            },
            "success": false,
            "task": "Task(\n    name='sort_L14_nearly_adj4_eval:L14:nearly_sorted_adjacent:17',\n    inputs_dict={'x': [[-22, -19, -13, -18, 4, -5, 5, 6, 8, 7, 12, 16, 23, 20], [-22, -21, -16, -23, -15, -2, 3, 2, 6, 11, 14, 16, 17, 24], [-20, -18, -19, -14, -10, -8, -7, 6, 9, 15, 16, 21, 25, 22], [-22, -19, -16, -15, -12, -9, -11, -3, -6, 3, 7, 12, 17, 19], [-16, -12, -8, -7, -6, -3, 4, 1, 6, 10, 7, 21, 24, 25]]},\n    outputs=[[-22, -19, -18, -13, -5, 4, 5, 6, 7, 8, 12, 16, 20, 23], [-23, -22, -21, -16, -15, -2, 2, 3, 6, 11, 14, 16, 17, 24], [-20, -19, -18, -14, -10, -8, -7, 6, 9, 15, 16, 21, 22, 25], [-22, -19, -16, -15, -12, -11, -9, -6, -3, 3, 7, 12, 17, 19], [-16, -12, -8, -7, -6, -3, 1, 4, 6, 7, 10, 21, 24, 25]],\n    solution='Sort(x)'\n)",
            "task_solution": "Sort(x)",
            "task_solution_weight": null
        },
        {
            "elapsed_time": 0.28798970600473695,
            "num_unique_values": 51,
            "solution": null,
            "solution_weight": null,
            "stats": {
                "explored_percent_concrete": 28.214285714285715,
                "explored_percent_lambda": 18.452380952380953,
                "explored_percent_none": 53.333333333333336,
                "kept_percent_concrete": 66.66666666666667,
                "kept_percent_lambda": 33.333333333333336,
                "num_examples": 5,
                "num_explored_concrete": 237,
                "num_explored_lambda": 155,
                "num_explored_none": 448,
                "num_inputs": 1,
                "num_kept_concrete": 28,
                "num_kept_lambda": 14,
                "num_values_explored": 840,
                "num_values_kept": 42,
                "temperature": 1.0
            },
            "success": false,
            "task": "Task(\n    name='sort_L14_nearly_adj4_eval:L14:nearly_sorted_adjacent:18',\n    inputs_dict={'x': [[-23, -17, -6, 1, 0, 2, 6, 7, 9, 10, 12, 19, 14, 21], [-20, -15, -13, -11, -9, -8, -2, 4, 9, 1, 20, 11, 19, 22], [-21, -25, -20, -17, -16, -12, -15, -10, -5, -7, 1, -1, 10, 12], [-24, -23, -18, -10, -3, 8, 6, 14, 16, 21, 18, 22, 24, 25], [-22, -19, -13, -11, -6, -5, 1, -3, 11, 10, 14, 22, 15, 18]]},\n    outputs=[[-23, -17, -6, 0, 1, 2, 6, 7, 9, 10, 12, 14, 19, 21], [-20, -15, -13, -11, -9, -8, -2, 1, 4, 9, 11, 19, 20, 22], [-25, -21, -20, -17, -16, -15, -12, -10, -7, -5, -1, 1, 10, 12], [-24, -23, -18, -10, -3, 6, 8, 14, 16, 18, 21, 22, 24, 25], [-22, -19, -13, -11, -6, -5, -3, 1, 10, 11, 14, 15, 18, 22]],\n    solution='Sort(x)'\n)",
            "task_solution": "Sort(x)",
            "task_solution_weight": null
        },
        {
            "elapsed_time": 0.28906252997694537,
            "num_unique_values": 55,
            "solution": null,
            "solution_weight": null,
            "stats": {
                "explored_percent_concrete": 31.428571428571427,
                "explored_percent_lambda": 17.261904761904763,
                "explored_percent_none": 51.30952380952381,
                "kept_percent_concrete": 69.56521739130434,
                "kept_percent_lambda": 30.434782608695652,
                "num_examples": 5,
                "num_explored_concrete": 264,
                "num_explored_lambda": 145,
                "num_explored_none": 431,
                "num_inputs": 1,
                "num_kept_concrete": 32,
                "num_kept_lambda": 14,
                "num_values_explored": 840,
                "num_values_kept": 46,
                "temperature": 1.0
            },
            "success": false,
            "task": "Task(\n    name='sort_L14_nearly_adj4_eval:L14:nearly_sorted_adjacent:19',\n    inputs_dict={'x': [[-22, -16, -12, -7, 2, -6, 1, 7, 12, 10, 17, 13, 20, 24], [-22, -11, -8, -18, -5, 5, 7, 12, 8, 14, 15, 17, 22, 18], [-25, -21, -11, -8, -1, -5, 8, 5, 10, 11, 13, 17, 18, 23], [-21, -15, -14, -7, -13, -6, -1, 15, 7, 10, 16, 20, 17, 21], [-25, -19, -16, -12, -9, -10, -8, -5, 3, 7, 17, 8, 19, 25]]},\n    outputs=[[-22, -16, -12, -7, -6, 1, 2, 7, 10, 12, 13, 17, 20, 24], [-22, -18, -11, -8, -5, 5, 7, 8, 12, 14, 15, 17, 18, 22], [-25, -21, -11, -8, -5, -1, 5, 8, 10, 11, 13, 17, 18, 23], [-21, -15, -14, -13, -7, -6, -1, 7, 10, 15, 16, 17, 20, 21], [-25, -19, -16, -12, -10, -9, -8, -5, 3, 7, 8, 17, 19, 25]],\n    solution='Sort(x)'\n)",
            "task_solution": "Sort(x)",
            "task_solution_weight": null
        },
        {
            "elapsed_time": 0.26397870501386933,
            "num_unique_values": 46,
            "solution": null,
            "solution_weight": null,
            "stats": {
                "explored_percent_concrete": 35.11904761904762,
                "explored_percent_lambda": 16.904761904761905,
                "explored_percent_none": 47.976190476190474,
                "kept_percent_concrete": 75.67567567567568,
                "kept_percent_lambda": 24.324324324324323,
                "num_examples": 5,
                "num_explored_concrete": 295,
                "num_explored_lambda": 142,
                "num_explored_none": 403,
                "num_inputs": 1,
                "num_kept_concrete": 28,
                "num_kept_lambda": 9,
                "num_values_explored": 840,
                "num_values_kept": 37,
                "temperature": 1.0
            },
            "success": false,
            "task": "Task(\n    name='sort_L14_nearly_adj4_eval:L14:nearly_sorted_adjacent:20',\n    inputs_dict={'x': [[-25, -12, -10, -6, -7, -4, -1, -2, 11, 9, 18, 16, 21, 23], [-19, -13, -12, -8, -2, -3, 3, 0, 4, 2, 14, 16, 18, 19], [-24, -22, -19, -6, -5, -3, -4, 2, 4, 9, 6, 20, 21, 10], [-18, -23, -11, -16, -15, -4, 0, 4, 5, 11, 8, 13, 17, 21], [-21, -13, -9, -11, -4, 4, 0, 7, 8, 10, 23, 12, 21, 24]]},\n    outputs=[[-25, -12, -10, -7, -6, -4, -2, -1, 9, 11, 16, 18, 21, 23], [-19, -13, -12, -8, -3, -2, 0, 2, 3, 4, 14, 16, 18, 19], [-24, -22, -19, -6, -5, -4, -3, 2, 4, 6, 9, 10, 20, 21], [-23, -18, -16, -15, -11, -4, 0, 4, 5, 8, 11, 13, 17, 21], [-21, -13, -11, -9, -4, 0, 4, 7, 8, 10, 12, 21, 23, 24]],\n    solution='Sort(x)'\n)",
            "task_solution": "Sort(x)",
            "task_solution_weight": null
        },
        {
            "elapsed_time": 0.3553965899918694,
            "num_unique_values": 49,
            "solution": null,
            "solution_weight": null,
            "stats": {
                "explored_percent_concrete": 23.095238095238095,
                "explored_percent_lambda": 28.214285714285715,
                "explored_percent_none": 48.69047619047619,
                "kept_percent_concrete": 57.5,
                "kept_percent_lambda": 42.5,
                "num_examples": 5,
                "num_explored_concrete": 194,
                "num_explored_lambda": 237,
                "num_explored_none": 409,
                "num_inputs": 1,
                "num_kept_concrete": 23,
                "num_kept_lambda": 17,
                "num_values_explored": 840,
                "num_values_kept": 40,
                "temperature": 1.0
            },
            "success": false,
            "task": "Task(\n    name='sort_L14_nearly_adj4_eval:L14:nearly_sorted_adjacent:21',\n    inputs_dict={'x': [[-22, -17, -10, -6, -8, -3, 3, -1, 6, 11, 19, 13, 15, 20], [-23, -19, -13, -12, -9, -6, 3, -5, 5, 9, 20, 11, 25, 19], [-14, -22, -20, -11, -7, 3, -5, 4, 6, 9, 8, 16, 17, 24], [-23, -18, -21, -15, -14, -1, -7, 1, 0, 6, 13, 21, 15, 24], [-8, -23, -6, -7, -5, 1, 9, 4, 12, 16, 14, 18, 21, 25]]},\n    outputs=[[-22, -17, -10, -8, -6, -3, -1, 3, 6, 11, 13, 15, 19, 20], [-23, -19, -13, -12, -9, -6, -5, 3, 5, 9, 11, 19, 20, 25], [-22, -20, -14, -11, -7, -5, 3, 4, 6, 8, 9, 16, 17, 24], [-23, -21, -18, -15, -14, -7, -1, 0, 1, 6, 13, 15, 21, 24], [-23, -8, -7, -6, -5, 1, 4, 9, 12, 14, 16, 18, 21, 25]],\n    solution='Sort(x)'\n)",
            "task_solution": "Sort(x)",
            "task_solution_weight": null
        },
        {
            "elapsed_time": 0.27330952798365615,
            "num_unique_values": 50,
            "solution": null,
            "solution_weight": null,
            "stats": {
                "explored_percent_concrete": 34.76190476190476,
                "explored_percent_lambda": 15.952380952380953,
                "explored_percent_none": 49.285714285714285,
                "kept_percent_concrete": 70.73170731707317,
                "kept_percent_lambda": 29.26829268292683,
                "num_examples": 5,
                "num_explored_concrete": 292,
                "num_explored_lambda": 134,
                "num_explored_none": 414,
                "num_inputs": 1,
