{
    "num_operations": 28,
    "num_tasks": 50,
    "num_tasks_solved": 0,
    "results": [
        {
            "elapsed_time": 0.46024219400715083,
            "num_unique_values": 43,
            "solution": null,
            "solution_weight": null,
            "stats": {
                "explored_percent_concrete": 12.5,
                "explored_percent_lambda": 27.232142857142858,
                "explored_percent_none": 60.267857142857146,
                "kept_percent_concrete": 20.58823529411765,
                "kept_percent_lambda": 79.41176470588235,
                "num_examples": 5,
                "num_explored_concrete": 140,
                "num_explored_lambda": 305,
                "num_explored_none": 675,
                "num_inputs": 1,
                "num_kept_concrete": 7,
                "num_kept_lambda": 27,
                "num_values_explored": 1120,
                "num_values_kept": 34,
                "temperature": 1.0
            },
            "success": false,
            "task": "Task(\n    name='sort_L16_nearly_swap6_eval:L16:nearly_sorted_swap:0',\n    inputs_dict={'x': [[-21, -4, 9, -18, -11, 1, 12, 5, -3, 22, 16, 17, 18, 25, 2, 21], [-12, -8, -17, -25, -14, -21, 13, 1, 16, 8, 9, 11, 12, -1, 4, 18], [-19, -18, -1, -13, 5, 13, -6, 20, 4, -15, -4, 14, 1, 22, 24, 25], [1, 8, -20, -19, -15, 12, -2, -1, -21, 11, 10, -23, -11, 18, 19, 20], [-16, -22, 24, 11, -23, -18, 10, 4, 5, 12, 2, 3, 13, 21, -21, 25]]},\n    outputs=[[-21, -18, -11, -4, -3, 1, 2, 5, 9, 12, 16, 17, 18, 21, 22, 25], [-25, -21, -17, -14, -12, -8, -1, 1, 4, 8, 9, 11, 12, 13, 16, 18], [-19, -18, -15, -13, -6, -4, -1, 1, 4, 5, 13, 14, 20, 22, 24, 25], [-23, -21, -20, -19, -15, -11, -2, -1, 1, 8, 10, 11, 12, 18, 19, 20], [-23, -22, -21, -18, -16, 2, 3, 4, 5, 10, 11, 12, 13, 21, 24, 25]],\n    solution='Sort(x)'\n)",
            "task_solution": "Sort(x)",
            "task_solution_weight": null
        },
        {
            "elapsed_time": 0.5614131250185892,
            "num_unique_values": 45,
            "solution": null,
            "solution_weight": null,
            "stats": {
                "explored_percent_concrete": 12.357142857142858,
                "explored_percent_lambda": 24.285714285714285,
                "explored_percent_none": 63.357142857142854,
                "kept_percent_concrete": 25.0,
                "kept_percent_lambda": 75.0,
                "num_examples": 5,
                "num_explored_concrete": 173,
                "num_explored_lambda": 340,
                "num_explored_none": 887,
                "num_inputs": 1,
                "num_kept_concrete": 9,
                "num_kept_lambda": 27,
                "num_values_explored": 1400,
                "num_values_kept": 36,
                "temperature": 1.0
            },
            "success": false,
            "task": "Task(\n    name='sort_L16_nearly_swap6_eval:L16:nearly_sorted_swap:1',\n    inputs_dict={'x': [[-22, -21, -10, -16, -15, 17, -7, -6, -4, -2, 7, 13, 15, -19, 24, 21], [-24, -17, 13, -13, -15, 9, -1, 15, 6, 5, 7, 2, 12, -7, -5, 22], [-14, -19, -25, -17, -18, 0, -3, 16, 1, 4, 6, 12, 11, -9, 9, 20], [-25, -19, -17, -11, 10, -3, 3, 21, 1, 22, 6, 18, 14, -7, 0, -1], [-22, -23, -21, -18, 1, 4, -2, -16, -11, -1, 0, 20, -13, 11, 19, -5]]},\n    outputs=[[-22, -21, -19, -16, -15, -10, -7, -6, -4, -2, 7, 13, 15, 17, 21, 24], [-24, -17, -15, -13, -7, -5, -1, 2, 5, 6, 7, 9, 12, 13, 15, 22], [-25, -19, -18, -17, -14, -9, -3, 0, 1, 4, 6, 9, 11, 12, 16, 20], [-25, -19, -17, -11, -7, -3, -1, 0, 1, 3, 6, 10, 14, 18, 21, 22], [-23, -22, -21, -18, -16, -13, -11, -5, -2, -1, 0, 1, 4, 11, 19, 20]],\n    solution='Sort(x)'\n)",
            "task_solution": "Sort(x)",
            "task_solution_weight": null
        },
        {
            "elapsed_time": 0.33286714801215567,
            "num_unique_values": 48,
            "solution": null,
            "solution_weight": null,
            "stats": {
                "explored_percent_concrete": 16.666666666666668,
                "explored_percent_lambda": 22.61904761904762,
                "explored_percent_none": 60.714285714285715,
                "kept_percent_concrete": 38.46153846153846,
                "kept_percent_lambda": 61.53846153846154,
                "num_examples": 5,
                "num_explored_concrete": 140,
                "num_explored_lambda": 190,
                "num_explored_none": 510,
                "num_inputs": 1,
                "num_kept_concrete": 15,
                "num_kept_lambda": 24,
                "num_values_explored": 840,
                "num_values_kept": 39,
                "temperature": 1.0
            },
            "success": false,
            "task": "Task(\n    name='sort_L16_nearly_swap6_eval:L16:nearly_sorted_swap:2',\n    inputs_dict={'x': [[-16, -19, 22, -12, -10, -8, -5, -3, -1, 23, 6, 17, 8, 21, 5, -25], [7, -18, 0, -11, -4, 4, 2, 3, -12, 18, 13, 14, 15, -24, 21, 23], [-20, 21, 3, -15, -12, -14, -6, -5, -1, 14, -17, 6, 15, -19, 16, 0], [-4, 6, -12, 5, -8, -5, -24, 17, 1, 16, 10, -17, -10, -1, 21, 22], [-25, -24, -17, -16, 8, -7, -11, -10, -3, -4, 2, -15, 12, 16, 20, 24]]},\n    outputs=[[-25, -19, -16, -12, -10, -8, -5, -3, -1, 5, 6, 8, 17, 21, 22, 23], [-24, -18, -12, -11, -4, 0, 2, 3, 4, 7, 13, 14, 15, 18, 21, 23], [-20, -19, -17, -15, -14, -12, -6, -5, -1, 0, 3, 6, 14, 15, 16, 21], [-24, -17, -12, -10, -8, -5, -4, -1, 1, 5, 6, 10, 16, 17, 21, 22], [-25, -24, -17, -16, -15, -11, -10, -7, -4, -3, 2, 8, 12, 16, 20, 24]],\n    solution='Sort(x)'\n)",
            "task_solution": "Sort(x)",
            "task_solution_weight": null
        },
        {
            "elapsed_time": 0.340322352014482,
            "num_unique_values": 43,
            "solution": null,
            "solution_weight": null,
            "stats": {
                "explored_percent_concrete": 14.761904761904763,
                "explored_percent_lambda": 25.238095238095237,
                "explored_percent_none": 60.0,
                "kept_percent_concrete": 32.35294117647059,
                "kept_percent_lambda": 67.6470588235294,
                "num_examples": 5,
                "num_explored_concrete": 124,
                "num_explored_lambda": 212,
                "num_explored_none": 504,
                "num_inputs": 1,
                "num_kept_concrete": 11,
                "num_kept_lambda": 23,
                "num_values_explored": 840,
                "num_values_kept": 34,
                "temperature": 1.0
            },
            "success": false,
            "task": "Task(\n    name='sort_L16_nearly_swap6_eval:L16:nearly_sorted_swap:3',\n    inputs_dict={'x': [[6, -23, -5, -17, -15, -6, -22, 21, -2, 0, 9, 7, -3, 10, 14, -24], [-24, -22, -19, -18, 12, 14, -11, -7, -3, 4, 5, -15, 11, 10, -12, 17], [-25, -24, -13, -21, -23, -16, 19, -9, -3, -1, 0, 1, -10, 7, 6, 24], [-25, 0, -17, -1, -13, -21, -2, -15, 25, 1, 8, 16, 18, 17, 19, -8], [-23, -21, -5, -17, -16, 9, 20, -2, 1, 8, 23, 21, 19, -19, -10, 15]]},\n    outputs=[[-24, -23, -22, -17, -15, -6, -5, -3, -2, 0, 6, 7, 9, 10, 14, 21], [-24, -22, -19, -18, -15, -12, -11, -7, -3, 4, 5, 10, 11, 12, 14, 17], [-25, -24, -23, -21, -16, -13, -10, -9, -3, -1, 0, 1, 6, 7, 19, 24], [-25, -21, -17, -15, -13, -8, -2, -1, 0, 1, 8, 16, 17, 18, 19, 25], [-23, -21, -19, -17, -16, -10, -5, -2, 1, 8, 9, 15, 19, 20, 21, 23]],\n    solution='Sort(x)'\n)",
            "task_solution": "Sort(x)",
            "task_solution_weight": null
        },
        {
            "elapsed_time": 0.4501518710167147,
            "num_unique_values": 44,
            "solution": null,
            "solution_weight": null,
            "stats": {
                "explored_percent_concrete": 15.178571428571429,
                "explored_percent_lambda": 24.375,
                "explored_percent_none": 60.44642857142857,
                "kept_percent_concrete": 28.571428571428573,
                "kept_percent_lambda": 71.42857142857143,
                "num_examples": 5,
                "num_explored_concrete": 170,
                "num_explored_lambda": 273,
                "num_explored_none": 677,
                "num_inputs": 1,
                "num_kept_concrete": 10,
                "num_kept_lambda": 25,
                "num_values_explored": 1120,
                "num_values_kept": 35,
                "temperature": 1.0
            },
            "success": false,
            "task": "Task(\n    name='sort_L16_nearly_swap6_eval:L16:nearly_sorted_swap:4',\n    inputs_dict={'x': [[-22, -20, -19, -18, -1, 0, 20, -2, -9, 4, 14, -6, 9, 8, 15, -4], [16, -24, -17, -10, -9, 9, 4, 5, 6, 8, -3, 11, 14, -22, 18, 22], [-21, 19, -23, -16, -12, -14, -9, 16, 2, 3, -6, 12, 9, -25, 23, 24], [-5, -20, 10, -22, -10, -9, -7, 25, 1, -15, -17, 12, 16, 13, 20, 3], [9, -22, -15, -4, -21, -14, -8, -6, -16, 3, -3, 8, 23, 24, -23, 25]]},\n    outputs=[[-22, -20, -19, -18, -9, -6, -4, -2, -1, 0, 4, 8, 9, 14, 15, 20], [-24, -22, -17, -10, -9, -3, 4, 5, 6, 8, 9, 11, 14, 16, 18, 22], [-25, -23, -21, -16, -14, -12, -9, -6, 2, 3, 9, 12, 16, 19, 23, 24], [-22, -20, -17, -15, -10, -9, -7, -5, 1, 3, 10, 12, 13, 16, 20, 25], [-23, -22, -21, -16, -15, -14, -8, -6, -4, -3, 3, 8, 9, 23, 24, 25]],\n    solution='Sort(x)'\n)",
            "task_solution": "Sort(x)",
            "task_solution_weight": null
        },
        {
            "elapsed_time": 0.3382841119891964,
            "num_unique_values": 41,
            "solution": null,
            "solution_weight": null,
            "stats": {
                "explored_percent_concrete": 14.761904761904763,
                "explored_percent_lambda": 27.261904761904763,
                "explored_percent_none": 57.976190476190474,
                "kept_percent_concrete": 21.875,
                "kept_percent_lambda": 78.125,
                "num_examples": 5,
                "num_explored_concrete": 124,
                "num_explored_lambda": 229,
                "num_explored_none": 487,
                "num_inputs": 1,
                "num_kept_concrete": 7,
                "num_kept_lambda": 25,
                "num_values_explored": 840,
                "num_values_kept": 32,
                "temperature": 1.0
            },
            "success": false,
            "task": "Task(\n    name='sort_L16_nearly_swap6_eval:L16:nearly_sorted_swap:5',\n    inputs_dict={'x': [[4, -23, 6, -10, 13, -2, 0, -25, 5, -7, -5, 8, 18, 19, 22, 25], [3, -21, -18, -15, -14, -12, -10, 4, -2, 0, -25, -4, 5, -5, -1, 17], [11, 6, -18, 15, -8, -6, -22, 0, 2, -3, -19, 5, 8, 4, -14, 18], [-15, 22, -9, -1, -3, 4, 8, 0, -5, 3, 1, -2, 11, 18, 20, -12], [-24, -20, 6, -13, -9, -1, -15, 0, 3, 5, -8, 19, 15, 25, 8, 23]]},\n    outputs=[[-25, -23, -10, -7, -5, -2, 0, 4, 5, 6, 8, 13, 18, 19, 22, 25], [-25, -21, -18, -15, -14, -12, -10, -5, -4, -2, -1, 0, 3, 4, 5, 17], [-22, -19, -18, -14, -8, -6, -3, 0, 2, 4, 5, 6, 8, 11, 15, 18], [-15, -12, -9, -5, -3, -2, -1, 0, 1, 3, 4, 8, 11, 18, 20, 22], [-24, -20, -15, -13, -9, -8, -1, 0, 3, 5, 6, 8, 15, 19, 23, 25]],\n    solution='Sort(x)'\n)",
            "task_solution": "Sort(x)",
            "task_solution_weight": null
        },
        {
            "elapsed_time": 0.33874777299934067,
            "num_unique_values": 47,
            "solution": null,
            "solution_weight": null,
            "stats": {
                "explored_percent_concrete": 15.119047619047619,
                "explored_percent_lambda": 23.095238095238095,
                "explored_percent_none": 61.785714285714285,
                "kept_percent_concrete": 28.94736842105263,
                "kept_percent_lambda": 71.05263157894737,
                "num_examples": 5,
                "num_explored_concrete": 127,
                "num_explored_lambda": 194,
                "num_explored_none": 519,
                "num_inputs": 1,
                "num_kept_concrete": 11,
                "num_kept_lambda": 27,
                "num_values_explored": 840,
                "num_values_kept": 38,
                "temperature": 1.0
            },
            "success": false,
            "task": "Task(\n    name='sort_L16_nearly_swap6_eval:L16:nearly_sorted_swap:6',\n    inputs_dict={'x': [[-24, 23, -20, 19, 20, -3, 2, 3, 5, -8, 25, 14, -5, 21, 17, -22], [-15, 25, -21, -19, 9, -22, -13, -12, 13, 3, 24, -8, 19, 22, -16, -25], [14, -24, -25, -17, 2, -9, -8, -22, 1, 8, 3, -4, 10, 13, -14, 23], [-25, 12, 0, -12, -11, -4, 10, -15, 4, 1, 11, 13, -19, 16, 24, 22], [-20, -7, -23, -24, -16, -5, 15, -11, -2, 1, 4, 6, -25, 11, 10, 25]]},\n    outputs=[[-24, -22, -20, -8, -5, -3, 2, 3, 5, 14, 17, 19, 20, 21, 23, 25], [-25, -22, -21, -19, -16, -15, -13, -12, -8, 3, 9, 13, 19, 22, 24, 25], [-25, -24, -22, -17, -14, -9, -8, -4, 1, 2, 3, 8, 10, 13, 14, 23], [-25, -19, -15, -12, -11, -4, 0, 1, 4, 10, 11, 12, 13, 16, 22, 24], [-25, -24, -23, -20, -16, -11, -7, -5, -2, 1, 4, 6, 10, 11, 15, 25]],\n    solution='Sort(x)'\n)",
            "task_solution": "Sort(x)",
            "task_solution_weight": null
        },
        {
            "elapsed_time": 0.3508525929937605,
            "num_unique_values": 42,
            "solution": null,
            "solution_weight": null,
            "stats": {
                "explored_percent_concrete": 14.166666666666666,
                "explored_percent_lambda": 26.30952380952381,
                "explored_percent_none": 59.523809523809526,
                "kept_percent_concrete": 21.21212121212121,
                "kept_percent_lambda": 78.78787878787878,
                "num_examples": 5,
                "num_explored_concrete": 119,
                "num_explored_lambda": 221,
                "num_explored_none": 500,
                "num_inputs": 1,
                "num_kept_concrete": 7,
                "num_kept_lambda": 26,
                "num_values_explored": 840,
                "num_values_kept": 33,
                "temperature": 1.0
            },
            "success": false,
            "task": "Task(\n    name='sort_L16_nearly_swap6_eval:L16:nearly_sorted_swap:7',\n    inputs_dict={'x': [[5, -23, -24, -14, -6, -11, -12, -2, 0, 19, 15, 24, 6, 4, 1, -20], [-9, -21, 0, -24, 10, 24, 2, -8, 14, 12, 13, 17, 20, 22, -17, 25], [-20, -18, -16, 20, 21, 0, -4, -1, -6, 14, 12, -13, 15, -14, 24, 4], [21, -24, -22, 25, -9, 11, 6, 3, -7, 10, 18, 12, -2, 20, -25, -20], [-19, -9, 12, -15, 19, -18, -4, -3, 22, 2, -16, 15, -13, 1, 24, 25]]},\n    outputs=[[-24, -23, -20, -14, -12, -11, -6, -2, 0, 1, 4, 5, 6, 15, 19, 24], [-24, -21, -17, -9, -8, 0, 2, 10, 12, 13, 14, 17, 20, 22, 24, 25], [-20, -18, -16, -14, -13, -6, -4, -1, 0, 4, 12, 14, 15, 20, 21, 24], [-25, -24, -22, -20, -9, -7, -2, 3, 6, 10, 11, 12, 18, 20, 21, 25], [-19, -18, -16, -15, -13, -9, -4, -3, 1, 2, 12, 15, 19, 22, 24, 25]],\n    solution='Sort(x)'\n)",
            "task_solution": "Sort(x)",
            "task_solution_weight": null
        },
        {
            "elapsed_time": 0.32684996200259775,
            "num_unique_values": 44,
            "solution": null,
            "solution_weight": null,
            "stats": {
                "explored_percent_concrete": 16.428571428571427,
                "explored_percent_lambda": 24.047619047619047,
                "explored_percent_none": 59.523809523809526,
                "kept_percent_concrete": 25.714285714285715,
                "kept_percent_lambda": 74.28571428571429,
                "num_examples": 5,
                "num_explored_concrete": 138,
                "num_explored_lambda": 202,
                "num_explored_none": 500,
                "num_inputs": 1,
                "num_kept_concrete": 9,
                "num_kept_lambda": 26,
                "num_values_explored": 840,
                "num_values_kept": 35,
                "temperature": 1.0
            },
            "success": false,
            "task": "Task(\n    name='sort_L16_nearly_swap6_eval:L16:nearly_sorted_swap:8',\n    inputs_dict={'x': [[-5, 14, 8, 0, 1, 24, 5, 7, -1, 9, 25, 17, -3, 22, 2, 12], [-22, -25, 16, -21, -5, -6, -12, -4, 4, 7, 8, 5, 12, 15, -23, 22], [0, -22, -21, -25, -16, -11, -10, -6, -1, 9, 21, -19, 11, 18, 16, 5], [11, -1, -15, -14, -8, 18, -22, 0, 1, 4, 13, -24, -5, 20, 24, 22], [-25, -23, -22, 7, 11, -7, 25, -1, 5, 24, -8, 10, 13, 16, -15, -6]]},\n    outputs=[[-5, -3, -1, 0, 1, 2, 5, 7, 8, 9, 12, 14, 17, 22, 24, 25], [-25, -23, -22, -21, -12, -6, -5, -4, 4, 5, 7, 8, 12, 15, 16, 22], [-25, -22, -21, -19, -16, -11, -10, -6, -1, 0, 5, 9, 11, 16, 18, 21], [-24, -22, -15, -14, -8, -5, -1, 0, 1, 4, 11, 13, 18, 20, 22, 24], [-25, -23, -22, -15, -8, -7, -6, -1, 5, 7, 10, 11, 13, 16, 24, 25]],\n    solution='Sort(x)'\n)",
            "task_solution": "Sort(x)",
            "task_solution_weight": null
        },
        {
            "elapsed_time": 0.3436221430019941,
            "num_unique_values": 44,
            "solution": null,
            "solution_weight": null,
            "stats": {
                "explored_percent_concrete": 14.523809523809524,
                "explored_percent_lambda": 25.238095238095237,
                "explored_percent_none": 60.23809523809524,
                "kept_percent_concrete": 34.285714285714285,
                "kept_percent_lambda": 65.71428571428571,
                "num_examples": 5,
                "num_explored_concrete": 122,
                "num_explored_lambda": 212,
                "num_explored_none": 506,
                "num_inputs": 1,
                "num_kept_concrete": 12,
                "num_kept_lambda": 23,
                "num_values_explored": 840,
                "num_values_kept": 35,
                "temperature": 1.0
            },
            "success": false,
            "task": "Task(\n    name='sort_L16_nearly_swap6_eval:L16:nearly_sorted_swap:9',\n    inputs_dict={'x': [[17, -18, -15, -11, 3, 1, -7, 4, 22, 8, 10, 15, 12, -22, 7, 20], [24, -20, -16, -15, 17, -11, -22, -8, -2, -12, 7, 2, 15, 10, 21, -10], [10, 7, -24, -12, -6, -2, 9, 8, 17, -7, 11, 14, -19, 22, 24, 25], [-9, 10, -2, 19, -21, -6, 25, -13, -1, 6, -11, 14, 15, 16, -15, -3], [-19, 10, 16, 21, 0, -1, 8, -16, 13, -15, 6, 18, 19, 25, 24, 17]]},\n    outputs=[[-22, -18, -15, -11, -7, 1, 3, 4, 7, 8, 10, 12, 15, 17, 20, 22], [-22, -20, -16, -15, -12, -11, -10, -8, -2, 2, 7, 10, 15, 17, 21, 24], [-24, -19, -12, -7, -6, -2, 7, 8, 9, 10, 11, 14, 17, 22, 24, 25], [-21, -15, -13, -11, -9, -6, -3, -2, -1, 6, 10, 14, 15, 16, 19, 25], [-19, -16, -15, -1, 0, 6, 8, 10, 13, 16, 17, 18, 19, 21, 24, 25]],\n    solution='Sort(x)'\n)",
            "task_solution": "Sort(x)",
            "task_solution_weight": null
        },
        {
            "elapsed_time": 0.4470723720151,
            "num_unique_values": 54,
            "solution": null,
            "solution_weight": null,
            "stats": {
                "explored_percent_concrete": 12.678571428571429,
                "explored_percent_lambda": 23.75,
                "explored_percent_none": 63.57142857142857,
                "kept_percent_concrete": 22.22222222222222,
                "kept_percent_lambda": 77.77777777777777,
                "num_examples": 5,
                "num_explored_concrete": 142,
                "num_explored_lambda": 266,
                "num_explored_none": 712,
                "num_inputs": 1,
                "num_kept_concrete": 10,
                "num_kept_lambda": 35,
                "num_values_explored": 1120,
                "num_values_kept": 45,
                "temperature": 1.0
            },
            "success": false,
            "task": "Task(\n    name='sort_L16_nearly_swap6_eval:L16:nearly_sorted_swap:10',\n    inputs_dict={'x': [[2, 18, -14, -10, -3, -1, 25, 1, -21, 7, 17, -16, 22, 23, 24, 0], [-24, 20, 14, -3, 1, -1, -2, -22, 3, 10, -8, 13, 12, 16, 7, 25], [-25, -1, -23, -22, 18, -17, -10, -7, -4, -20, 15, 1, 0, 10, 17, -24], [18, -9, -7, -2, 0, 1, 24, 4, 6, 14, 22, 16, -16, 21, 20, 2], [10, -22, -16, -14, -12, -1, -3, 9, 2, 8, 0, -23, 11, 15, 19, 25]]},\n    outputs=[[-21, -16, -14, -10, -3, -1, 0, 1, 2, 7, 17, 18, 22, 23, 24, 25], [-24, -22, -8, -3, -2, -1, 1, 3, 7, 10, 12, 13, 14, 16, 20, 25], [-25, -24, -23, -22, -20, -17, -10, -7, -4, -1, 0, 1, 10, 15, 17, 18], [-16, -9, -7, -2, 0, 1, 2, 4, 6, 14, 16, 18, 20, 21, 22, 24], [-23, -22, -16, -14, -12, -3, -1, 0, 2, 8, 9, 10, 11, 15, 19, 25]],\n    solution='Sort(x)'\n)",
            "task_solution": "Sort(x)",
            "task_solution_weight": null
        },
        {
            "elapsed_time": 0.3384943540149834,
            "num_unique_values": 41,
            "solution": null,
            "solution_weight": null,
            "stats": {
                "explored_percent_concrete": 16.30952380952381,
                "explored_percent_lambda": 23.928571428571427,
                "explored_percent_none": 59.76190476190476,
                "kept_percent_concrete": 34.375,
                "kept_percent_lambda": 65.625,
                "num_examples": 5,
                "num_explored_concrete": 137,
                "num_explored_lambda": 201,
                "num_explored_none": 502,
                "num_inputs": 1,
                "num_kept_concrete": 11,
                "num_kept_lambda": 21,
                "num_values_explored": 840,
                "num_values_kept": 32,
                "temperature": 1.0
            },
            "success": false,
            "task": "Task(\n    name='sort_L16_nearly_swap6_eval:L16:nearly_sorted_swap:11',\n    inputs_dict={'x': [[-20, 15, -18, 21, -14, -13, 0, -3, -15, -19, 4, 2, 23, -10, 16, 24], [-25, 13, -22, -23, -15, -18, -14, -10, 11, -4, 2, 4, -11, -5, 22, 23], [-16, -23, -15, 24, -12, -13, -24, 9, -2, 0, 3, 4, -7, 20, 21, -9], [10, -17, -12, 15, -11, 20, -7, -5, 22, 1, 9, -23, -9, -16, -1, 24], [7, 20, 18, -12, -15, -7, -4, -9, -18, 9, 14, 17, -14, 23, 22, -1]]},\n    outputs=[[-20, -19, -18, -15, -14, -13, -10, -3, 0, 2, 4, 15, 16, 21, 23, 24], [-25, -23, -22, -18, -15, -14, -11, -10, -5, -4, 2, 4, 11, 13, 22, 23], [-24, -23, -16, -15, -13, -12, -9, -7, -2, 0, 3, 4, 9, 20, 21, 24], [-23, -17, -16, -12, -11, -9, -7, -5, -1, 1, 9, 10, 15, 20, 22, 24], [-18, -15, -14, -12, -9, -7, -4, -1, 7, 9, 14, 17, 18, 20, 22, 23]],\n    solution='Sort(x)'\n)",
            "task_solution": "Sort(x)",
            "task_solution_weight": null
        },
        {
            "elapsed_time": 0.33884481398854405,
            "num_unique_values": 43,
            "solution": null,
            "solution_weight": null,
            "stats": {
                "explored_percent_concrete": 12.619047619047619,
                "explored_percent_lambda": 28.214285714285715,
                "explored_percent_none": 59.166666666666664,
                "kept_percent_concrete": 23.529411764705884,
                "kept_percent_lambda": 76.47058823529412,
                "num_examples": 5,
                "num_explored_concrete": 106,
                "num_explored_lambda": 237,
                "num_explored_none": 497,
                "num_inputs": 1,
                "num_kept_concrete": 8,
                "num_kept_lambda": 26,
                "num_values_explored": 840,
                "num_values_kept": 34,
                "temperature": 1.0
            },
            "success": false,
            "task": "Task(\n    name='sort_L16_nearly_swap6_eval:L16:nearly_sorted_swap:12',\n    inputs_dict={'x': [[-25, -5, 21, -24, -1, 9, -22, -17, 0, 16, -6, 10, 7, 17, -23, 25], [-23, -20, -16, 24, 0, 13, -6, -3, -15, -11, 10, 17, 1, 12, 22, -18], [-24, 0, -19, 21, -18, -15, -9, -4, -3, -17, -20, 14, 18, 20, 19, 1], [-20, 2, -16, -8, -6, 9, -1, -7, -21, 5, 0, 11, 19, 23, 24, 25], [-20, -24, -11, 25, 4, 22, -9, -2, 2, -12, 5, 7, -25, 21, 19, -13]]},\n    outputs=[[-25, -24, -23, -22, -17, -6, -5, -1, 0, 7, 9, 10, 16, 17, 21, 25], [-23, -20, -18, -16, -15, -11, -6, -3, 0, 1, 10, 12, 13, 17, 22, 24], [-24, -20, -19, -18, -17, -15, -9, -4, -3, 0, 1, 14, 18, 19, 20, 21], [-21, -20, -16, -8, -7, -6, -1, 0, 2, 5, 9, 11, 19, 23, 24, 25], [-25, -24, -20, -13, -12, -11, -9, -2, 2, 4, 5, 7, 19, 21, 22, 25]],\n    solution='Sort(x)'\n)",
            "task_solution": "Sort(x)",
            "task_solution_weight": null
        },
        {
            "elapsed_time": 0.344392223021714,
            "num_unique_values": 43,
            "solution": null,
            "solution_weight": null,
            "stats": {
                "explored_percent_concrete": 14.880952380952381,
                "explored_percent_lambda": 24.523809523809526,
                "explored_percent_none": 60.595238095238095,
                "kept_percent_concrete": 32.35294117647059,
                "kept_percent_lambda": 67.6470588235294,
                "num_examples": 5,
                "num_explored_concrete": 125,
                "num_explored_lambda": 206,
                "num_explored_none": 509,
                "num_inputs": 1,
                "num_kept_concrete": 11,
                "num_kept_lambda": 23,
                "num_values_explored": 840,
                "num_values_kept": 34,
                "temperature": 1.0
            },
            "success": false,
            "task": "Task(\n    name='sort_L16_nearly_swap6_eval:L16:nearly_sorted_swap:13',\n    inputs_dict={'x': [[-24, -8, 1, -14, -15, -13, -12, -22, -4, 23, 14, -18, 5, 16, 20, -3], [-25, -6, 22, -16, -3, -17, -23, 0, 19, 2, 3, 5, 16, 1, 20, -12], [-23, -25, 11, -19, -15, -2, -6, -5, 1, 9, 21, 3, -10, -21, 17, -3], [8, -12, -6, 18, -2, 4, 5, 6, -17, 9, 12, -10, 22, 14, 17, 24], [18, 13, -13, -3, -1, -4, -12, -19, 0, 3, 6, 12, -14, -7, 17, 19]]},\n    outputs=[[-24, -22, -18, -15, -14, -13, -12, -8, -4, -3, 1, 5, 14, 16, 20, 23], [-25, -23, -17, -16, -12, -6, -3, 0, 1, 2, 3, 5, 16, 19, 20, 22], [-25, -23, -21, -19, -15, -10, -6, -5, -3, -2, 1, 3, 9, 11, 17, 21], [-17, -12, -10, -6, -2, 4, 5, 6, 8, 9, 12, 14, 17, 18, 22, 24], [-19, -14, -13, -12, -7, -4, -3, -1, 0, 3, 6, 12, 13, 17, 18, 19]],\n    solution='Sort(x)'\n)",
            "task_solution": "Sort(x)",
            "task_solution_weight": null
        },
        {
            "elapsed_time": 0.3335207929776516,
            "num_unique_values": 41,
            "solution": null,
            "solution_weight": null,
            "stats": {
                "explored_percent_concrete": 17.61904761904762,
                "explored_percent_lambda": 20.595238095238095,
                "explored_percent_none": 61.785714285714285,
                "kept_percent_concrete": 40.625,
                "kept_percent_lambda": 59.375,
                "num_examples": 5,
                "num_explored_concrete": 148,
                "num_explored_lambda": 173,
                "num_explored_none": 519,
                "num_inputs": 1,
                "num_kept_concrete": 13,
                "num_kept_lambda": 19,
                "num_values_explored": 840,
                "num_values_kept": 32,
                "temperature": 1.0
            },
            "success": false,
            "task": "Task(\n    name='sort_L16_nearly_swap6_eval:L16:nearly_sorted_swap:14',\n    inputs_dict={'x': [[-23, 7, -20, 13, 0, -13, 2, -21, 18, 4, 6, -16, 9, -18, -10, 24], [-6, -20, -14, -11, 3, 9, -5, -4, -1, 6, -10, 8, 25, 17, 19, -15], [14, -22, -3, -19, -14, -8, -20, -24, -6, 20, 11, -4, 5, 23, 24, 25], [20, -4, -17, -14, 3, -5, -2, -18, 5, 19, 7, 6, 9, 8, -25, 25], [-6, -23, -21, 25, -20, -15, -25, -1, -3, 2, 5, 12, 14, 18, 19, -17]]},\n    outputs=[[-23, -21, -20, -18, -16, -13, -10, 0, 2, 4, 6, 7, 9, 13, 18, 24], [-20, -15, -14, -11, -10, -6, -5, -4, -1, 3, 6, 8, 9, 17, 19, 25], [-24, -22, -20, -19, -14, -8, -6, -4, -3, 5, 11, 14, 20, 23, 24, 25], [-25, -18, -17, -14, -5, -4, -2, 3, 5, 6, 7, 8, 9, 19, 20, 25], [-25, -23, -21, -20, -17, -15, -6, -3, -1, 2, 5, 12, 14, 18, 19, 25]],\n    solution='Sort(x)'\n)",
            "task_solution": "Sort(x)",
            "task_solution_weight": null
        },
        {
            "elapsed_time": 0.3379464730096515,
            "num_unique_values": 42,
            "solution": null,
            "solution_weight": null,
            "stats": {
                "explored_percent_concrete": 15.238095238095237,
                "explored_percent_lambda": 26.547619047619047,
                "explored_percent_none": 58.214285714285715,
                "kept_percent_concrete": 30.303030303030305,
                "kept_percent_lambda": 69.6969696969697,
                "num_examples": 5,
                "num_explored_concrete": 128,
                "num_explored_lambda": 223,
                "num_explored_none": 489,
                "num_inputs": 1,
                "num_kept_concrete": 10,
                "num_kept_lambda": 23,
                "num_values_explored": 840,
                "num_values_kept": 33,
                "temperature": 1.0
            },
            "success": false,
            "task": "Task(\n    name='sort_L16_nearly_swap6_eval:L16:nearly_sorted_swap:15',\n    inputs_dict={'x': [[-23, 4, -20, 25, -12, -2, 22, 19, 2, -22, 15, 16, -9, -13, 24, -6], [1, -20, 10, -18, -17, 17, -1, -19, 3, 5, -22, 9, 14, -8, 20, 22], [-6, -11, -2, -15, 8, -9, 25, -25, 1, -23, -3, -24, 13, 14, 18, -7], [17, 3, -22, 2, -18, -8, -9, -17, -6, -5, -19, 7, 4, -23, 5, -25], [-15, -22, -25, -17, -16, -13, 18, -4, 11, 4, -18, 8, 9, -3, 13, 5]]},\n    outputs=[[-23, -22, -20, -13, -12, -9, -6, -2, 2, 4, 15, 16, 19, 22, 24, 25], [-22, -20, -19, -18, -17, -8, -1, 1, 3, 5, 9, 10, 14, 17, 20, 22], [-25, -24, -23, -15, -11, -9, -7, -6, -3, -2, 1, 8, 13, 14, 18, 25], [-25, -23, -22, -19, -18, -17, -9, -8, -6, -5, 2, 3, 4, 5, 7, 17], [-25, -22, -18, -17, -16, -15, -13, -4, -3, 4, 5, 8, 9, 11, 13, 18]],\n    solution='Sort(x)'\n)",
            "task_solution": "Sort(x)",
            "task_solution_weight": null
        },
        {
            "elapsed_time": 0.3498389549786225,
            "num_unique_values": 47,
            "solution": null,
            "solution_weight": null,
            "stats": {
                "explored_percent_concrete": 14.047619047619047,
                "explored_percent_lambda": 26.071428571428573,
                "explored_percent_none": 59.88095238095238,
                "kept_percent_concrete": 18.42105263157895,
                "kept_percent_lambda": 81.57894736842105,
                "num_examples": 5,
                "num_explored_concrete": 118,
                "num_explored_lambda": 219,
                "num_explored_none": 503,
                "num_inputs": 1,
                "num_kept_concrete": 7,
                "num_kept_lambda": 31,
                "num_values_explored": 840,
                "num_values_kept": 38,
                "temperature": 1.0
            },
            "success": false,
            "task": "Task(\n    name='sort_L16_nearly_swap6_eval:L16:nearly_sorted_swap:16',\n    inputs_dict={'x': [[-22, -17, -14, -5, 10, -1, 1, 4, 6, 16, 5, -3, 13, 15, 2, 17], [-20, -19, 9, -9, -3, 4, 15, -1, 1, -8, -15, 11, -11, 12, 19, 22], [14, -7, -14, -15, -4, 18, 24, 6, 7, 11, 12, 13, -22, -2, 2, 21], [-21, 2, -12, -17, -15, -25, -8, 11, 1, -24, 19, 0, 18, 14, 9, 23], [-23, -22, -20, -5, -16, -14, -6, 12, -3, -2, 25, -18, 0, 19, 22, 15]]},\n    outputs=[[-22, -17, -14, -5, -3, -1, 1, 2, 4, 5, 6, 10, 13, 15, 16, 17], [-20, -19, -15, -11, -9, -8, -3, -1, 1, 4, 9, 11, 12, 15, 19, 22], [-22, -15, -14, -7, -4, -2, 2, 6, 7, 11, 12, 13, 14, 18, 21, 24], [-25, -24, -21, -17, -15, -12, -8, 0, 1, 2, 9, 11, 14, 18, 19, 23], [-23, -22, -20, -18, -16, -14, -6, -5, -3, -2, 0, 12, 15, 19, 22, 25]],\n    solution='Sort(x)'\n)",
            "task_solution": "Sort(x)",
            "task_solution_weight": null
        },
        {
            "elapsed_time": 0.3284601519990247,
            "num_unique_values": 41,
            "solution": null,
            "solution_weight": null,
            "stats": {
                "explored_percent_concrete": 14.166666666666666,
                "explored_percent_lambda": 26.19047619047619,
                "explored_percent_none": 59.642857142857146,
                "kept_percent_concrete": 21.875,
                "kept_percent_lambda": 78.125,
                "num_examples": 5,
                "num_explored_concrete": 119,
                "num_explored_lambda": 220,
                "num_explored_none": 501,
                "num_inputs": 1,
                "num_kept_concrete": 7,
                "num_kept_lambda": 25,
                "num_values_explored": 840,
                "num_values_kept": 32,
                "temperature": 1.0
            },
            "success": false,
            "task": "Task(\n    name='sort_L16_nearly_swap6_eval:L16:nearly_sorted_swap:17',\n    inputs_dict={'x': [[21, -13, -5, 24, -2, -7, 3, 7, 0, 9, 13, 14, 16, -19, 23, -1], [22, -12, -9, -15, -13, -10, -8, -2, -7, -6, 9, 11, 14, 16, 17, -16], [-22, -18, -16, -10, -4, -3, 11, 7, 6, 16, 14, 10, -1, 8, 3, 18], [-25, 6, -19, -10, -14, -12, -17, 4, 3, 11, 5, -21, -1, 14, 20, 23], [2, -8, -14, -10, 21, -20, -1, 0, 1, -21, 5, 9, 25, -4, 16, 12]]},\n    outputs=[[-19, -13, -7, -5, -2, -1, 0, 3, 7, 9, 13, 14, 16, 21, 23, 24], [-16, -15, -13, -12, -10, -9, -8, -7, -6, -2, 9, 11, 14, 16, 17, 22], [-22, -18, -16, -10, -4, -3, -1, 3, 6, 7, 8, 10, 11, 14, 16, 18], [-25, -21, -19, -17, -14, -12, -10, -1, 3, 4, 5, 6, 11, 14, 20, 23], [-21, -20, -14, -10, -8, -4, -1, 0, 1, 2, 5, 9, 12, 16, 21, 25]],\n    solution='Sort(x)'\n)",
            "task_solution": "Sort(x)",
            "task_solution_weight": null
        },
        {
            "elapsed_time": 0.5446924440038856,
            "num_unique_values": 51,
            "solution": null,
            "solution_weight": null,
            "stats": {
                "explored_percent_concrete": 12.928571428571429,
                "explored_percent_lambda": 22.857142857142858,
                "explored_percent_none": 64.21428571428571,
                "kept_percent_concrete": 28.571428571428573,
                "kept_percent_lambda": 71.42857142857143,
                "num_examples": 5,
                "num_explored_concrete": 181,
                "num_explored_lambda": 320,
                "num_explored_none": 899,
                "num_inputs": 1,
                "num_kept_concrete": 12,
                "num_kept_lambda": 30,
                "num_values_explored": 1400,
                "num_values_kept": 42,
                "temperature": 1.0
            },
            "success": false,
            "task": "Task(\n    name='sort_L16_nearly_swap6_eval:L16:nearly_sorted_swap:18',\n    inputs_dict={'x': [[0, -21, -20, -17, 10, -10, -23, -3, -7, -6, -14, 3, -5, 13, 18, 19], [-11, -24, -6, -25, -7, -23, 0, 2, 3, 6, 8, 21, 25, 15, 9, 10], [-22, -15, 0, 12, 21, -13, 15, 11, -10, 14, 19, 17, 18, 6, 20, -4], [15, -21, 24, 16, -13, -3, -5, 13, 7, 21, -16, 17, 18, -24, -18, 25], [15, -1, -3, -16, -12, 8, -22, -20, -4, 0, 6, 7, -9, 13, -21, 25]]},\n    outputs=[[-23, -21, -20, -17, -14, -10, -7, -6, -5, -3, 0, 3, 10, 13, 18, 19], [-25, -24, -23, -11, -7, -6, 0, 2, 3, 6, 8, 9, 10, 15, 21, 25], [-22, -15, -13, -10, -4, 0, 6, 11, 12, 14, 15, 17, 18, 19, 20, 21], [-24, -21, -18, -16, -13, -5, -3, 7, 13, 15, 16, 17, 18, 21, 24, 25], [-22, -21, -20, -16, -12, -9, -4, -3, -1, 0, 6, 7, 8, 13, 15, 25]],\n    solution='Sort(x)'\n)",
            "task_solution": "Sort(x)",
            "task_solution_weight": null
        },
        {
            "elapsed_time": 0.44183066400000826,
            "num_unique_values": 43,
            "solution": null,
            "solution_weight": null,
            "stats": {
                "explored_percent_concrete": 16.428571428571427,
                "explored_percent_lambda": 25.089285714285715,
                "explored_percent_none": 58.482142857142854,
                "kept_percent_concrete": 23.529411764705884,
                "kept_percent_lambda": 76.47058823529412,
                "num_examples": 5,
                "num_explored_concrete": 184,
                "num_explored_lambda": 281,
                "num_explored_none": 655,
                "num_inputs": 1,
                "num_kept_concrete": 8,
                "num_kept_lambda": 26,
                "num_values_explored": 1120,
                "num_values_kept": 34,
                "temperature": 1.0
            },
            "success": false,
            "task": "Task(\n    name='sort_L16_nearly_swap6_eval:L16:nearly_sorted_swap:19',\n    inputs_dict={'x': [[-25, -6, -1, 19, 13, -5, -19, 7, 21, -23, 18, -11, 9, 22, 23, 25], [-25, -22, 11, -19, 14, 7, -8, 1, 5, 23, -20, -11, 16, -10, 20, 25], [21, 15, -16, 10, -10, -18, 0, 25, 6, 7, 9, -14, -7, 20, -19, 4], [-25, 13, 21, 7, -13, -10, -7, -4, -3, 4, -16, 12, 22, -21, -22, 15], [7, 12, -18, -17, -15, 8, -7, -4, 22, 2, -12, -22, 1, 21, -19, 25]]},\n    outputs=[[-25, -23, -19, -11, -6, -5, -1, 7, 9, 13, 18, 19, 21, 22, 23, 25], [-25, -22, -20, -19, -11, -10, -8, 1, 5, 7, 11, 14, 16, 20, 23, 25], [-19, -18, -16, -14, -10, -7, 0, 4, 6, 7, 9, 10, 15, 20, 21, 25], [-25, -22, -21, -16, -13, -10, -7, -4, -3, 4, 7, 12, 13, 15, 21, 22], [-22, -19, -18, -17, -15, -12, -7, -4, 1, 2, 7, 8, 12, 21, 22, 25]],\n    solution='Sort(x)'\n)",
            "task_solution": "Sort(x)",
            "task_solution_weight": null
        },
        {
            "elapsed_time": 0.32509062098688446,
            "num_unique_values": 43,
            "solution": null,
            "solution_weight": null,
            "stats": {
                "explored_percent_concrete": 14.642857142857142,
                "explored_percent_lambda": 26.547619047619047,
                "explored_percent_none": 58.80952380952381,
                "kept_percent_concrete": 17.647058823529413,
                "kept_percent_lambda": 82.3529411764706,
                "num_examples": 5,
                "num_explored_concrete": 123,
                "num_explored_lambda": 223,
                "num_explored_none": 494,
                "num_inputs": 1,
                "num_kept_concrete": 6,
                "num_kept_lambda": 28,
                "num_values_explored": 840,
                "num_values_kept": 34,
                "temperature": 1.0
            },
            "success": false,
            "task": "Task(\n    name='sort_L16_nearly_swap6_eval:L16:nearly_sorted_swap:20',\n    inputs_dict={'x': [[13, -21, -22, 17, -16, 20, -9, -10, -8, -5, -4, 0, -24, 1, -23, -13], [24, -18, -23, 23, 4, 21, 8, 10, 9, 7, 12, 15, 20, 11, -7, -14], [-23, -22, 15, -20, 0, -10, -8, -3, -16, 1, -19, 3, 9, 12, 14, 2], [14, -10, -24, -17, -13, 0, -9, -22, 1, 2, 7, 12, -25, 15, 17, 21], [-25, -22, 9, 19, -4, -11, -10, -9, -13, -6, -1, 5, 2, -18, -19, 0]]},\n    outputs=[[-24, -23, -22, -21, -16, -13, -10, -9, -8, -5, -4, 0, 1, 13, 17, 20], [-23, -18, -14, -7, 4, 7, 8, 9, 10, 11, 12, 15, 20, 21, 23, 24], [-23, -22, -20, -19, -16, -10, -8, -3, 0, 1, 2, 3, 9, 12, 14, 15], [-25, -24, -22, -17, -13, -10, -9, 0, 1, 2, 7, 12, 14, 15, 17, 21], [-25, -22, -19, -18, -13, -11, -10, -9, -6, -4, -1, 0, 2, 5, 9, 19]],\n    solution='Sort(x)'\n)",
            "task_solution": "Sort(x)",
            "task_solution_weight": null
        },
        {
            "elapsed_time": 0.4567501659912523,
            "num_unique_values": 45,
            "solution": null,
            "solution_weight": null,
            "stats": {
                "explored_percent_concrete": 14.732142857142858,
                "explored_percent_lambda": 26.517857142857142,
                "explored_percent_none": 58.75,
                "kept_percent_concrete": 27.77777777777778,
                "kept_percent_lambda": 72.22222222222223,
                "num_examples": 5,
                "num_explored_concrete": 165,
                "num_explored_lambda": 297,
                "num_explored_none": 658,
                "num_inputs": 1,
                "num_kept_concrete": 10,
                "num_kept_lambda": 26,
                "num_values_explored": 1120,
                "num_values_kept": 36,
                "temperature": 1.0
            },
