{
    "num_operations": 28,
    "num_tasks": 50,
    "num_tasks_solved": 18,
    "results": [
        {
            "elapsed_time": 0.6528678329777904,
            "num_unique_values": 38,
            "solution": null,
            "solution_weight": null,
            "stats": {
                "explored_percent_concrete": 27.642857142857142,
                "explored_percent_lambda": 19.0,
                "explored_percent_none": 53.357142857142854,
                "kept_percent_concrete": 48.275862068965516,
                "kept_percent_lambda": 51.724137931034484,
                "num_examples": 5,
                "num_explored_concrete": 387,
                "num_explored_lambda": 266,
                "num_explored_none": 747,
                "num_inputs": 1,
                "num_kept_concrete": 14,
                "num_kept_lambda": 15,
                "num_values_explored": 1400,
                "num_values_kept": 29,
                "temperature": 1.0
            },
            "success": false,
            "task": "Task(\n    name='sort_L12_random_eval:L12:random:0',\n    inputs_dict={'x': [[12, -11, -13, -22, 16, -20, 25, 21, -14, 13, 11, 3], [10, -13, 25, -3, 18, -15, -7, -23, 20, 0, -4, 6], [22, -24, 18, -8, 24, 19, 14, -21, 17, 10, 12, -20], [-22, -15, 25, -19, 15, 12, 10, -7, -25, -17, -12, 3], [5, 9, -3, 3, -23, 19, 18, 25, -10, -16, 14, -25]]},\n    outputs=[[-22, -20, -14, -13, -11, 3, 11, 12, 13, 16, 21, 25], [-23, -15, -13, -7, -4, -3, 0, 6, 10, 18, 20, 25], [-24, -21, -20, -8, 10, 12, 14, 17, 18, 19, 22, 24], [-25, -22, -19, -17, -15, -12, -7, 3, 10, 12, 15, 25], [-25, -23, -16, -10, -3, 3, 5, 9, 14, 18, 19, 25]],\n    solution='Sort(x)'\n)",
            "task_solution": "Sort(x)",
            "task_solution_weight": null
        },
        {
            "elapsed_time": 0.08769531999132596,
            "num_unique_values": 30,
            "solution": "Sort(Reverse(x))",
            "solution_weight": 3,
            "stats": {
                "explored_percent_concrete": 29.545454545454547,
                "explored_percent_lambda": 22.727272727272727,
                "explored_percent_none": 47.72727272727273,
                "kept_percent_concrete": 47.61904761904762,
                "kept_percent_lambda": 52.38095238095238,
                "num_examples": 5,
                "num_explored_concrete": 65,
                "num_explored_lambda": 50,
                "num_explored_none": 105,
                "num_inputs": 1,
                "num_kept_concrete": 10,
                "num_kept_lambda": 11,
                "num_values_explored": 220,
                "num_values_kept": 21,
                "temperature": 1.0
            },
            "success": true,
            "task": "Task(\n    name='sort_L12_random_eval:L12:random:1',\n    inputs_dict={'x': [[7, -20, 3, -9, -12, 20, 5, 9, 21, 18, 19, 0], [-13, 3, 20, -18, 4, -4, -24, -15, 21, 6, 24, 19], [13, 18, -3, -4, -25, 0, 21, -24, 24, -1, 19, 1], [-13, -17, 25, 11, 8, 21, -8, -25, -22, -10, 20, -5], [-20, 11, -6, 6, -12, 7, 14, 10, -10, -1, -4, 15]]},\n    outputs=[[-20, -12, -9, 0, 3, 5, 7, 9, 18, 19, 20, 21], [-24, -18, -15, -13, -4, 3, 4, 6, 19, 20, 21, 24], [-25, -24, -4, -3, -1, 0, 1, 13, 18, 19, 21, 24], [-25, -22, -17, -13, -10, -8, -5, 8, 11, 20, 21, 25], [-20, -12, -10, -6, -4, -1, 6, 7, 10, 11, 14, 15]],\n    solution='Sort(x)'\n)",
            "task_solution": "Sort(x)",
            "task_solution_weight": null
        },
        {
            "elapsed_time": 0.08566799500840716,
            "num_unique_values": 28,
            "solution": "Sort(Reverse(x))",
            "solution_weight": 3,
            "stats": {
                "explored_percent_concrete": 30.90909090909091,
                "explored_percent_lambda": 23.636363636363637,
                "explored_percent_none": 45.45454545454545,
                "kept_percent_concrete": 47.36842105263158,
                "kept_percent_lambda": 52.63157894736842,
                "num_examples": 5,
                "num_explored_concrete": 68,
                "num_explored_lambda": 52,
                "num_explored_none": 100,
                "num_inputs": 1,
                "num_kept_concrete": 9,
                "num_kept_lambda": 10,
                "num_values_explored": 220,
                "num_values_kept": 19,
                "temperature": 1.0
            },
            "success": true,
            "task": "Task(\n    name='sort_L12_random_eval:L12:random:2',\n    inputs_dict={'x': [[2, 23, 8, 1, 18, -18, 3, -23, -5, -25, 21, -3], [-9, -16, -12, 23, 25, -15, -19, 21, -22, 11, 7, -25], [16, -23, 4, 11, -10, 2, 1, 9, -3, -20, -14, 22], [13, -19, -20, -8, -3, 3, 8, -17, -10, -25, 6, 11], [-24, -1, 3, -21, -8, -15, 16, -2, 5, 18, -14, 17]]},\n    outputs=[[-25, -23, -18, -5, -3, 1, 2, 3, 8, 18, 21, 23], [-25, -22, -19, -16, -15, -12, -9, 7, 11, 21, 23, 25], [-23, -20, -14, -10, -3, 1, 2, 4, 9, 11, 16, 22], [-25, -20, -19, -17, -10, -8, -3, 3, 6, 8, 11, 13], [-24, -21, -15, -14, -8, -2, -1, 3, 5, 16, 17, 18]],\n    solution='Sort(x)'\n)",
            "task_solution": "Sort(x)",
            "task_solution_weight": null
        },
        {
            "elapsed_time": 0.08601687598275021,
            "num_unique_values": 30,
            "solution": "Sort(Reverse(x))",
            "solution_weight": 3,
            "stats": {
                "explored_percent_concrete": 29.545454545454547,
                "explored_percent_lambda": 25.0,
                "explored_percent_none": 45.45454545454545,
                "kept_percent_concrete": 52.38095238095238,
                "kept_percent_lambda": 47.61904761904762,
                "num_examples": 5,
                "num_explored_concrete": 65,
                "num_explored_lambda": 55,
                "num_explored_none": 100,
                "num_inputs": 1,
                "num_kept_concrete": 11,
                "num_kept_lambda": 10,
                "num_values_explored": 220,
                "num_values_kept": 21,
                "temperature": 1.0
            },
            "success": true,
            "task": "Task(\n    name='sort_L12_random_eval:L12:random:3',\n    inputs_dict={'x': [[-8, -11, -5, 8, -18, -16, -21, -25, 21, -13, 20, 5], [2, 23, 6, 4, -21, -4, 15, -1, -6, -8, -17, -18], [13, -22, 23, -25, 24, 19, 9, 17, -7, -15, -17, -1], [-13, -17, 15, 21, -23, 18, -21, -6, 8, -2, 14, -16], [-13, 10, -10, 19, 14, 6, -12, 21, -15, 1, 17, -21]]},\n    outputs=[[-25, -21, -18, -16, -13, -11, -8, -5, 5, 8, 20, 21], [-21, -18, -17, -8, -6, -4, -1, 2, 4, 6, 15, 23], [-25, -22, -17, -15, -7, -1, 9, 13, 17, 19, 23, 24], [-23, -21, -17, -16, -13, -6, -2, 8, 14, 15, 18, 21], [-21, -15, -13, -12, -10, 1, 6, 10, 14, 17, 19, 21]],\n    solution='Sort(x)'\n)",
            "task_solution": "Sort(x)",
            "task_solution_weight": null
        },
        {
            "elapsed_time": 0.08653301297454163,
            "num_unique_values": 28,
            "solution": "Sort(Reverse(x))",
            "solution_weight": 3,
            "stats": {
                "explored_percent_concrete": 28.636363636363637,
                "explored_percent_lambda": 22.727272727272727,
                "explored_percent_none": 48.63636363636363,
                "kept_percent_concrete": 47.36842105263158,
                "kept_percent_lambda": 52.63157894736842,
                "num_examples": 5,
                "num_explored_concrete": 63,
                "num_explored_lambda": 50,
                "num_explored_none": 107,
                "num_inputs": 1,
                "num_kept_concrete": 9,
                "num_kept_lambda": 10,
                "num_values_explored": 220,
                "num_values_kept": 19,
                "temperature": 1.0
            },
            "success": true,
            "task": "Task(\n    name='sort_L12_random_eval:L12:random:4',\n    inputs_dict={'x': [[-19, 13, -18, -16, 4, 0, -25, 23, 14, -21, -12, -6], [-4, -12, -23, 19, -2, 8, 7, -14, 6, -22, -18, 13], [25, 24, -22, 17, -17, 14, -3, 0, -15, -7, -8, -23], [-19, 2, 20, -17, 9, 16, 25, 6, -22, -23, 19, -24], [23, 6, -13, -21, -3, -19, 17, 21, -10, 22, 4, 16]]},\n    outputs=[[-25, -21, -19, -18, -16, -12, -6, 0, 4, 13, 14, 23], [-23, -22, -18, -14, -12, -4, -2, 6, 7, 8, 13, 19], [-23, -22, -17, -15, -8, -7, -3, 0, 14, 17, 24, 25], [-24, -23, -22, -19, -17, 2, 6, 9, 16, 19, 20, 25], [-21, -19, -13, -10, -3, 4, 6, 16, 17, 21, 22, 23]],\n    solution='Sort(x)'\n)",
            "task_solution": "Sort(x)",
            "task_solution_weight": null
        },
        {
            "elapsed_time": 0.3934688629815355,
            "num_unique_values": 44,
            "solution": null,
            "solution_weight": null,
            "stats": {
                "explored_percent_concrete": 29.285714285714285,
                "explored_percent_lambda": 18.303571428571427,
                "explored_percent_none": 52.410714285714285,
                "kept_percent_concrete": 54.285714285714285,
                "kept_percent_lambda": 45.714285714285715,
                "num_examples": 5,
                "num_explored_concrete": 328,
                "num_explored_lambda": 205,
                "num_explored_none": 587,
                "num_inputs": 1,
                "num_kept_concrete": 19,
                "num_kept_lambda": 16,
                "num_values_explored": 1120,
                "num_values_kept": 35,
                "temperature": 1.0
            },
            "success": false,
            "task": "Task(\n    name='sort_L12_random_eval:L12:random:5',\n    inputs_dict={'x': [[-22, 18, 24, -21, 13, -19, -20, -8, -17, 7, 12, 23], [9, 15, -12, -13, 8, 2, -18, 1, -17, -16, -6, 10], [-18, 20, -17, -20, 25, -19, 17, 16, -3, -1, 11, 7], [11, -10, 9, -15, 17, 21, -6, 20, 8, 5, 13, -25], [22, -4, -24, 18, 25, 8, 20, 1, -13, 7, -2, -22]]},\n    outputs=[[-22, -21, -20, -19, -17, -8, 7, 12, 13, 18, 23, 24], [-18, -17, -16, -13, -12, -6, 1, 2, 8, 9, 10, 15], [-20, -19, -18, -17, -3, -1, 7, 11, 16, 17, 20, 25], [-25, -15, -10, -6, 5, 8, 9, 11, 13, 17, 20, 21], [-24, -22, -13, -4, -2, 1, 7, 8, 18, 20, 22, 25]],\n    solution='Sort(x)'\n)",
            "task_solution": "Sort(x)",
            "task_solution_weight": null
        },
        {
            "elapsed_time": 0.4059545010095462,
            "num_unique_values": 42,
            "solution": null,
            "solution_weight": null,
            "stats": {
                "explored_percent_concrete": 25.535714285714285,
                "explored_percent_lambda": 19.910714285714285,
                "explored_percent_none": 54.55357142857143,
                "kept_percent_concrete": 45.45454545454545,
                "kept_percent_lambda": 54.54545454545455,
                "num_examples": 5,
                "num_explored_concrete": 286,
                "num_explored_lambda": 223,
                "num_explored_none": 611,
                "num_inputs": 1,
                "num_kept_concrete": 15,
                "num_kept_lambda": 18,
                "num_values_explored": 1120,
                "num_values_kept": 33,
                "temperature": 1.0
            },
            "success": false,
            "task": "Task(\n    name='sort_L12_random_eval:L12:random:6',\n    inputs_dict={'x': [[0, -13, 3, -17, 24, 4, -10, 18, -25, 5, 2, -19], [-2, -5, -1, -15, -8, 25, -6, 6, -20, -10, 8, -16], [-5, 16, -13, 11, 12, -9, 13, -25, -2, 4, -19, -4], [-12, -23, -21, -22, -13, 8, 11, 9, -7, 6, 19, 24], [18, 14, 25, -15, -10, -23, -4, -20, -22, 12, -18, 21]]},\n    outputs=[[-25, -19, -17, -13, -10, 0, 2, 3, 4, 5, 18, 24], [-20, -16, -15, -10, -8, -6, -5, -2, -1, 6, 8, 25], [-25, -19, -13, -9, -5, -4, -2, 4, 11, 12, 13, 16], [-23, -22, -21, -13, -12, -7, 6, 8, 9, 11, 19, 24], [-23, -22, -20, -18, -15, -10, -4, 12, 14, 18, 21, 25]],\n    solution='Sort(x)'\n)",
            "task_solution": "Sort(x)",
            "task_solution_weight": null
        },
        {
            "elapsed_time": 0.08690100102103315,
            "num_unique_values": 29,
            "solution": "Sort(Reverse(x))",
            "solution_weight": 3,
            "stats": {
                "explored_percent_concrete": 30.0,
                "explored_percent_lambda": 20.454545454545453,
                "explored_percent_none": 49.54545454545455,
                "kept_percent_concrete": 55.0,
                "kept_percent_lambda": 45.0,
                "num_examples": 5,
                "num_explored_concrete": 66,
                "num_explored_lambda": 45,
                "num_explored_none": 109,
                "num_inputs": 1,
                "num_kept_concrete": 11,
                "num_kept_lambda": 9,
                "num_values_explored": 220,
                "num_values_kept": 20,
                "temperature": 1.0
            },
            "success": true,
            "task": "Task(\n    name='sort_L12_random_eval:L12:random:7',\n    inputs_dict={'x': [[-20, -4, 14, 21, 18, 24, 7, -11, 19, -18, -2, 1], [-11, -19, -4, 10, 16, 7, -16, 9, -22, 6, 15, -2], [25, -5, 5, -2, -20, 20, -24, 13, 0, -15, -1, -8], [23, -11, -15, -2, -21, 16, 5, -7, 6, -19, 8, 9], [-15, 13, 16, 2, 24, -10, -2, 3, -14, -24, 14, -1]]},\n    outputs=[[-20, -18, -11, -4, -2, 1, 7, 14, 18, 19, 21, 24], [-22, -19, -16, -11, -4, -2, 6, 7, 9, 10, 15, 16], [-24, -20, -15, -8, -5, -2, -1, 0, 5, 13, 20, 25], [-21, -19, -15, -11, -7, -2, 5, 6, 8, 9, 16, 23], [-24, -15, -14, -10, -2, -1, 2, 3, 13, 14, 16, 24]],\n    solution='Sort(x)'\n)",
            "task_solution": "Sort(x)",
            "task_solution_weight": null
        },
        {
            "elapsed_time": 0.09401981698465534,
            "num_unique_values": 30,
            "solution": "Sort(Reverse(x))",
            "solution_weight": 3,
            "stats": {
                "explored_percent_concrete": 28.181818181818183,
                "explored_percent_lambda": 22.727272727272727,
                "explored_percent_none": 49.09090909090909,
                "kept_percent_concrete": 47.61904761904762,
                "kept_percent_lambda": 52.38095238095238,
                "num_examples": 5,
                "num_explored_concrete": 62,
                "num_explored_lambda": 50,
                "num_explored_none": 108,
                "num_inputs": 1,
                "num_kept_concrete": 10,
                "num_kept_lambda": 11,
                "num_values_explored": 220,
                "num_values_kept": 21,
                "temperature": 1.0
            },
            "success": true,
            "task": "Task(\n    name='sort_L12_random_eval:L12:random:8',\n    inputs_dict={'x': [[-4, -2, 14, 4, 16, -7, 9, -8, 23, -18, 20, -24], [25, -17, -14, -21, -6, -12, 22, -3, -13, 16, -22, 5], [7, 9, -12, 16, -9, -17, -4, 19, 13, 25, -21, -11], [2, -3, -24, 7, 14, -21, 23, -1, -9, -14, -18, 25], [-17, 9, -15, 16, 0, -24, -9, -25, -22, -13, 17, 11]]},\n    outputs=[[-24, -18, -8, -7, -4, -2, 4, 9, 14, 16, 20, 23], [-22, -21, -17, -14, -13, -12, -6, -3, 5, 16, 22, 25], [-21, -17, -12, -11, -9, -4, 7, 9, 13, 16, 19, 25], [-24, -21, -18, -14, -9, -3, -1, 2, 7, 14, 23, 25], [-25, -24, -22, -17, -15, -13, -9, 0, 9, 11, 16, 17]],\n    solution='Sort(x)'\n)",
            "task_solution": "Sort(x)",
            "task_solution_weight": null
        },
        {
            "elapsed_time": 0.08427476100041531,
            "num_unique_values": 29,
            "solution": "Sort(Reverse(x))",
            "solution_weight": 3,
            "stats": {
                "explored_percent_concrete": 32.27272727272727,
                "explored_percent_lambda": 23.181818181818183,
                "explored_percent_none": 44.54545454545455,
                "kept_percent_concrete": 50.0,
                "kept_percent_lambda": 50.0,
                "num_examples": 5,
                "num_explored_concrete": 71,
                "num_explored_lambda": 51,
                "num_explored_none": 98,
                "num_inputs": 1,
                "num_kept_concrete": 10,
                "num_kept_lambda": 10,
                "num_values_explored": 220,
                "num_values_kept": 20,
                "temperature": 1.0
            },
            "success": true,
            "task": "Task(\n    name='sort_L12_random_eval:L12:random:9',\n    inputs_dict={'x': [[11, -20, 1, -19, -1, -18, -10, 17, -15, 18, 23, -25], [-22, -21, 11, 0, 21, -15, 12, -2, -12, 3, -8, 22], [-2, 1, -22, 23, -15, 4, 16, 20, -18, -20, -8, 15], [-6, -11, 0, -3, -22, -9, 24, -17, 2, -7, 5, 22], [4, -11, -1, -19, -5, -25, -9, 8, 21, -2, -13, 20]]},\n    outputs=[[-25, -20, -19, -18, -15, -10, -1, 1, 11, 17, 18, 23], [-22, -21, -15, -12, -8, -2, 0, 3, 11, 12, 21, 22], [-22, -20, -18, -15, -8, -2, 1, 4, 15, 16, 20, 23], [-22, -17, -11, -9, -7, -6, -3, 0, 2, 5, 22, 24], [-25, -19, -13, -11, -9, -5, -2, -1, 4, 8, 20, 21]],\n    solution='Sort(x)'\n)",
            "task_solution": "Sort(x)",
            "task_solution_weight": null
        },
        {
            "elapsed_time": 0.4391203069826588,
            "num_unique_values": 44,
            "solution": null,
            "solution_weight": null,
            "stats": {
                "explored_percent_concrete": 35.80357142857143,
                "explored_percent_lambda": 17.678571428571427,
                "explored_percent_none": 46.517857142857146,
                "kept_percent_concrete": 62.857142857142854,
                "kept_percent_lambda": 37.142857142857146,
                "num_examples": 5,
                "num_explored_concrete": 401,
                "num_explored_lambda": 198,
                "num_explored_none": 521,
                "num_inputs": 1,
                "num_kept_concrete": 22,
                "num_kept_lambda": 13,
                "num_values_explored": 1120,
                "num_values_kept": 35,
                "temperature": 1.0
            },
            "success": false,
            "task": "Task(\n    name='sort_L12_random_eval:L12:random:10',\n    inputs_dict={'x': [[10, -15, -4, 21, -17, -1, -7, -14, -12, 18, 9, -5], [12, 6, 0, 2, 23, 3, -16, -15, -14, -23, 9, -1], [8, -24, 12, -21, 14, -20, 20, 15, -23, -9, -4, -10], [-12, 11, -10, 19, 18, 4, -15, -21, 13, -20, -24, 20], [24, 17, -7, -12, -2, 7, 2, 10, 9, 19, -17, -23]]},\n    outputs=[[-17, -15, -14, -12, -7, -5, -4, -1, 9, 10, 18, 21], [-23, -16, -15, -14, -1, 0, 2, 3, 6, 9, 12, 23], [-24, -23, -21, -20, -10, -9, -4, 8, 12, 14, 15, 20], [-24, -21, -20, -15, -12, -10, 4, 11, 13, 18, 19, 20], [-23, -17, -12, -7, -2, 2, 7, 9, 10, 17, 19, 24]],\n    solution='Sort(x)'\n)",
            "task_solution": "Sort(x)",
            "task_solution_weight": null
        },
        {
            "elapsed_time": 0.07974508401821367,
            "num_unique_values": 27,
            "solution": "Sort(Reverse(x))",
            "solution_weight": 3,
            "stats": {
                "explored_percent_concrete": 35.0,
                "explored_percent_lambda": 22.272727272727273,
                "explored_percent_none": 42.72727272727273,
                "kept_percent_concrete": 55.55555555555556,
                "kept_percent_lambda": 44.44444444444444,
                "num_examples": 5,
                "num_explored_concrete": 77,
                "num_explored_lambda": 49,
                "num_explored_none": 94,
                "num_inputs": 1,
                "num_kept_concrete": 10,
                "num_kept_lambda": 8,
                "num_values_explored": 220,
                "num_values_kept": 18,
                "temperature": 1.0
            },
            "success": true,
            "task": "Task(\n    name='sort_L12_random_eval:L12:random:11',\n    inputs_dict={'x': [[7, -20, 15, -9, -15, 23, 18, -2, -25, 14, -19, 9], [4, -8, 18, 23, -14, 15, 25, -25, 6, -2, 10, 3], [-2, -20, 21, 22, 8, 7, 11, 3, 20, 18, 24, -21], [-4, 6, 8, 21, -14, 13, 3, -25, -17, -10, 17, 9], [20, 3, -4, 0, -19, 16, -9, 14, -3, -8, -13, 25]]},\n    outputs=[[-25, -20, -19, -15, -9, -2, 7, 9, 14, 15, 18, 23], [-25, -14, -8, -2, 3, 4, 6, 10, 15, 18, 23, 25], [-21, -20, -2, 3, 7, 8, 11, 18, 20, 21, 22, 24], [-25, -17, -14, -10, -4, 3, 6, 8, 9, 13, 17, 21], [-19, -13, -9, -8, -4, -3, 0, 3, 14, 16, 20, 25]],\n    solution='Sort(x)'\n)",
            "task_solution": "Sort(x)",
            "task_solution_weight": null
        },
        {
            "elapsed_time": 0.37568056298187,
            "num_unique_values": 47,
            "solution": null,
            "solution_weight": null,
            "stats": {
                "explored_percent_concrete": 28.482142857142858,
                "explored_percent_lambda": 18.839285714285715,
                "explored_percent_none": 52.67857142857143,
                "kept_percent_concrete": 55.26315789473684,
                "kept_percent_lambda": 44.73684210526316,
                "num_examples": 5,
                "num_explored_concrete": 319,
                "num_explored_lambda": 211,
                "num_explored_none": 590,
                "num_inputs": 1,
                "num_kept_concrete": 21,
                "num_kept_lambda": 17,
                "num_values_explored": 1120,
                "num_values_kept": 38,
                "temperature": 1.0
            },
            "success": false,
            "task": "Task(\n    name='sort_L12_random_eval:L12:random:12',\n    inputs_dict={'x': [[8, -8, -1, -5, 18, 24, 21, -20, 15, 13, 19, 25], [2, 24, 9, 6, -3, -15, 12, 14, 0, -12, -8, 18], [-6, 8, 15, 11, 10, -17, -21, 23, 9, -8, -24, -13], [8, 4, 20, 16, 21, -5, 13, 25, 11, 1, -14, -22], [-22, 4, 1, 12, 16, -6, 8, -25, -8, 10, 15, -14]]},\n    outputs=[[-20, -8, -5, -1, 8, 13, 15, 18, 19, 21, 24, 25], [-15, -12, -8, -3, 0, 2, 6, 9, 12, 14, 18, 24], [-24, -21, -17, -13, -8, -6, 8, 9, 10, 11, 15, 23], [-22, -14, -5, 1, 4, 8, 11, 13, 16, 20, 21, 25], [-25, -22, -14, -8, -6, 1, 4, 8, 10, 12, 15, 16]],\n    solution='Sort(x)'\n)",
            "task_solution": "Sort(x)",
            "task_solution_weight": null
        },
        {
            "elapsed_time": 0.3940561529889237,
            "num_unique_values": 44,
            "solution": null,
            "solution_weight": null,
            "stats": {
                "explored_percent_concrete": 30.535714285714285,
                "explored_percent_lambda": 16.428571428571427,
                "explored_percent_none": 53.035714285714285,
                "kept_percent_concrete": 54.285714285714285,
                "kept_percent_lambda": 45.714285714285715,
                "num_examples": 5,
                "num_explored_concrete": 342,
                "num_explored_lambda": 184,
                "num_explored_none": 594,
                "num_inputs": 1,
                "num_kept_concrete": 19,
                "num_kept_lambda": 16,
                "num_values_explored": 1120,
                "num_values_kept": 35,
                "temperature": 1.0
            },
            "success": false,
            "task": "Task(\n    name='sort_L12_random_eval:L12:random:13',\n    inputs_dict={'x': [[-24, -19, 22, -5, 19, -25, -6, 17, 16, -18, 6, -1], [-15, -23, -24, 18, 4, -6, 22, 21, -22, 14, 2, -25], [-22, 2, -18, 18, -21, -3, 12, -8, -16, -2, 17, -5], [24, -7, -16, -2, -10, -23, -11, -18, -12, 19, 1, 17], [-13, 6, -22, -5, 16, -21, 8, -4, 22, -14, 12, -15]]},\n    outputs=[[-25, -24, -19, -18, -6, -5, -1, 6, 16, 17, 19, 22], [-25, -24, -23, -22, -15, -6, 2, 4, 14, 18, 21, 22], [-22, -21, -18, -16, -8, -5, -3, -2, 2, 12, 17, 18], [-23, -18, -16, -12, -11, -10, -7, -2, 1, 17, 19, 24], [-22, -21, -15, -14, -13, -5, -4, 6, 8, 12, 16, 22]],\n    solution='Sort(x)'\n)",
            "task_solution": "Sort(x)",
            "task_solution_weight": null
        },
        {
            "elapsed_time": 0.0836516749986913,
            "num_unique_values": 31,
            "solution": "Sort(Reverse(x))",
            "solution_weight": 3,
            "stats": {
                "explored_percent_concrete": 32.27272727272727,
                "explored_percent_lambda": 23.636363636363637,
                "explored_percent_none": 44.09090909090909,
                "kept_percent_concrete": 54.54545454545455,
                "kept_percent_lambda": 45.45454545454545,
                "num_examples": 5,
                "num_explored_concrete": 71,
                "num_explored_lambda": 52,
                "num_explored_none": 97,
                "num_inputs": 1,
                "num_kept_concrete": 12,
                "num_kept_lambda": 10,
                "num_values_explored": 220,
                "num_values_kept": 22,
                "temperature": 1.0
            },
            "success": true,
            "task": "Task(\n    name='sort_L12_random_eval:L12:random:14',\n    inputs_dict={'x': [[12, -18, -2, 11, -19, -21, 20, 23, 7, 6, -7, 22], [23, -15, -14, 6, 25, -7, -18, -2, -13, -24, 16, 14], [-2, -14, 8, 20, -5, -13, 7, 1, -6, -19, 15, 6], [-9, -14, 15, -24, 0, -23, 17, -4, 7, 22, 13, 6], [15, 25, -22, 22, 14, -6, 19, -25, -5, -13, 2, 23]]},\n    outputs=[[-21, -19, -18, -7, -2, 6, 7, 11, 12, 20, 22, 23], [-24, -18, -15, -14, -13, -7, -2, 6, 14, 16, 23, 25], [-19, -14, -13, -6, -5, -2, 1, 6, 7, 8, 15, 20], [-24, -23, -14, -9, -4, 0, 6, 7, 13, 15, 17, 22], [-25, -22, -13, -6, -5, 2, 14, 15, 19, 22, 23, 25]],\n    solution='Sort(x)'\n)",
            "task_solution": "Sort(x)",
            "task_solution_weight": null
        },
        {
            "elapsed_time": 0.08509851898998022,
            "num_unique_values": 31,
            "solution": "Sort(Reverse(x))",
            "solution_weight": 3,
            "stats": {
                "explored_percent_concrete": 30.90909090909091,
                "explored_percent_lambda": 23.636363636363637,
                "explored_percent_none": 45.45454545454545,
                "kept_percent_concrete": 54.54545454545455,
                "kept_percent_lambda": 45.45454545454545,
                "num_examples": 5,
                "num_explored_concrete": 68,
                "num_explored_lambda": 52,
                "num_explored_none": 100,
                "num_inputs": 1,
                "num_kept_concrete": 12,
                "num_kept_lambda": 10,
                "num_values_explored": 220,
                "num_values_kept": 22,
                "temperature": 1.0
            },
            "success": true,
            "task": "Task(\n    name='sort_L12_random_eval:L12:random:15',\n    inputs_dict={'x': [[-18, 25, 21, -8, 15, 20, -3, -23, 6, -9, 14, -12], [24, 11, 14, 6, -8, -5, -9, -15, -22, -6, -11, 20], [14, -15, 6, -5, 21, -9, 23, 16, -18, 17, -25, -14], [5, 11, -12, 23, -20, 24, -18, -25, 1, 12, -1, -15], [6, -23, 5, -3, -20, -16, 1, -13, 9, 18, 15, -14]]},\n    outputs=[[-23, -18, -12, -9, -8, -3, 6, 14, 15, 20, 21, 25], [-22, -15, -11, -9, -8, -6, -5, 6, 11, 14, 20, 24], [-25, -18, -15, -14, -9, -5, 6, 14, 16, 17, 21, 23], [-25, -20, -18, -15, -12, -1, 1, 5, 11, 12, 23, 24], [-23, -20, -16, -14, -13, -3, 1, 5, 6, 9, 15, 18]],\n    solution='Sort(x)'\n)",
            "task_solution": "Sort(x)",
            "task_solution_weight": null
        },
        {
            "elapsed_time": 0.47190435498487204,
            "num_unique_values": 41,
            "solution": null,
            "solution_weight": null,
            "stats": {
                "explored_percent_concrete": 29.285714285714285,
                "explored_percent_lambda": 20.428571428571427,
                "explored_percent_none": 50.285714285714285,
                "kept_percent_concrete": 46.875,
                "kept_percent_lambda": 53.125,
                "num_examples": 5,
                "num_explored_concrete": 410,
                "num_explored_lambda": 286,
                "num_explored_none": 704,
                "num_inputs": 1,
                "num_kept_concrete": 15,
                "num_kept_lambda": 17,
                "num_values_explored": 1400,
                "num_values_kept": 32,
                "temperature": 1.0
            },
            "success": false,
            "task": "Task(\n    name='sort_L12_random_eval:L12:random:16',\n    inputs_dict={'x': [[21, 19, -18, -14, -1, 7, 0, 4, 23, -16, 2, 1], [-21, 18, -2, 24, 5, -11, 9, -13, -25, -5, 14, 25], [11, 9, -9, -12, -10, 23, 6, -4, 7, 17, -6, 5], [-6, -22, -5, -21, -9, -12, 12, 10, 23, -2, 19, -14], [14, -3, -13, 18, -18, 15, -9, 25, 24, -16, 3, 11]]},\n    outputs=[[-18, -16, -14, -1, 0, 1, 2, 4, 7, 19, 21, 23], [-25, -21, -13, -11, -5, -2, 5, 9, 14, 18, 24, 25], [-12, -10, -9, -6, -4, 5, 6, 7, 9, 11, 17, 23], [-22, -21, -14, -12, -9, -6, -5, -2, 10, 12, 19, 23], [-18, -16, -13, -9, -3, 3, 11, 14, 15, 18, 24, 25]],\n    solution='Sort(x)'\n)",
            "task_solution": "Sort(x)",
            "task_solution_weight": null
        },
        {
            "elapsed_time": 0.49209397099912167,
            "num_unique_values": 40,
            "solution": null,
            "solution_weight": null,
            "stats": {
                "explored_percent_concrete": 27.142857142857142,
                "explored_percent_lambda": 19.571428571428573,
                "explored_percent_none": 53.285714285714285,
                "kept_percent_concrete": 51.61290322580645,
                "kept_percent_lambda": 48.38709677419355,
                "num_examples": 5,
                "num_explored_concrete": 380,
                "num_explored_lambda": 274,
                "num_explored_none": 746,
                "num_inputs": 1,
                "num_kept_concrete": 16,
                "num_kept_lambda": 15,
                "num_values_explored": 1400,
                "num_values_kept": 31,
                "temperature": 1.0
            },
            "success": false,
            "task": "Task(\n    name='sort_L12_random_eval:L12:random:17',\n    inputs_dict={'x': [[9, 19, -5, -6, 25, -19, -4, -21, 11, 23, 18, -12], [5, -2, -6, -17, -15, 2, -12, 4, -23, 16, 23, -3], [-22, -6, 3, -5, -19, 5, -25, 1, 11, -23, 12, 15], [-24, 2, 23, -25, 16, 19, -8, 6, -18, 4, -16, 1], [-4, -25, -10, 2, -2, -20, -19, 15, 14, 6, 0, -18]]},\n    outputs=[[-21, -19, -12, -6, -5, -4, 9, 11, 18, 19, 23, 25], [-23, -17, -15, -12, -6, -3, -2, 2, 4, 5, 16, 23], [-25, -23, -22, -19, -6, -5, 1, 3, 5, 11, 12, 15], [-25, -24, -18, -16, -8, 1, 2, 4, 6, 16, 19, 23], [-25, -20, -19, -18, -10, -4, -2, 0, 2, 6, 14, 15]],\n    solution='Sort(x)'\n)",
            "task_solution": "Sort(x)",
            "task_solution_weight": null
        },
        {
            "elapsed_time": 0.28688963802414946,
            "num_unique_values": 37,
            "solution": null,
            "solution_weight": null,
            "stats": {
                "explored_percent_concrete": 29.642857142857142,
                "explored_percent_lambda": 17.5,
                "explored_percent_none": 52.857142857142854,
                "kept_percent_concrete": 50.0,
                "kept_percent_lambda": 50.0,
                "num_examples": 5,
                "num_explored_concrete": 249,
                "num_explored_lambda": 147,
                "num_explored_none": 444,
                "num_inputs": 1,
                "num_kept_concrete": 14,
                "num_kept_lambda": 14,
                "num_values_explored": 840,
                "num_values_kept": 28,
                "temperature": 1.0
            },
            "success": false,
            "task": "Task(\n    name='sort_L12_random_eval:L12:random:18',\n    inputs_dict={'x': [[4, 25, 7, -15, 15, 17, -2, 2, -25, 13, 11, -9], [-12, 11, 20, 10, -21, -17, -22, 19, -3, 21, 8, 4], [12, 14, -17, -24, -11, -4, -25, 7, -10, 16, 15, 11], [3, 13, 23, -21, 22, 24, 0, -20, -2, -3, 17, -7], [-4, 23, 13, 12, 11, -12, 0, -18, 17, 6, 18, -10]]},\n    outputs=[[-25, -15, -9, -2, 2, 4, 7, 11, 13, 15, 17, 25], [-22, -21, -17, -12, -3, 4, 8, 10, 11, 19, 20, 21], [-25, -24, -17, -11, -10, -4, 7, 11, 12, 14, 15, 16], [-21, -20, -7, -3, -2, 0, 3, 13, 17, 22, 23, 24], [-18, -12, -10, -4, 0, 6, 11, 12, 13, 17, 18, 23]],\n    solution='Sort(x)'\n)",
            "task_solution": "Sort(x)",
            "task_solution_weight": null
        },
        {
            "elapsed_time": 0.3699284169997554,
            "num_unique_values": 37,
            "solution": null,
            "solution_weight": null,
            "stats": {
                "explored_percent_concrete": 35.625,
                "explored_percent_lambda": 16.964285714285715,
                "explored_percent_none": 47.410714285714285,
                "kept_percent_concrete": 64.28571428571429,
                "kept_percent_lambda": 35.714285714285715,
                "num_examples": 5,
                "num_explored_concrete": 399,
                "num_explored_lambda": 190,
                "num_explored_none": 531,
                "num_inputs": 1,
                "num_kept_concrete": 18,
                "num_kept_lambda": 10,
                "num_values_explored": 1120,
                "num_values_kept": 28,
                "temperature": 1.0
            },
            "success": false,
            "task": "Task(\n    name='sort_L12_random_eval:L12:random:19',\n    inputs_dict={'x': [[16, -24, 9, 21, 6, -17, -13, -10, -2, 12, -18, 18], [9, 18, -9, 25, 5, 23, -10, -18, 3, -17, 13, -12], [-13, -2, -3, 12, 2, 5, 1, -20, 14, 21, -17, -23], [-20, 5, 7, 12, -4, 14, -9, 2, -14, 24, 17, -17], [20, -18, -7, 14, 1, 10, -3, 23, -17, -10, 3, -22]]},\n    outputs=[[-24, -18, -17, -13, -10, -2, 6, 9, 12, 16, 18, 21], [-18, -17, -12, -10, -9, 3, 5, 9, 13, 18, 23, 25], [-23, -20, -17, -13, -3, -2, 1, 2, 5, 12, 14, 21], [-20, -17, -14, -9, -4, 2, 5, 7, 12, 14, 17, 24], [-22, -18, -17, -10, -7, -3, 1, 3, 10, 14, 20, 23]],\n    solution='Sort(x)'\n)",
            "task_solution": "Sort(x)",
            "task_solution_weight": null
        },
        {
            "elapsed_time": 0.3875525709881913,
            "num_unique_values": 43,
            "solution": null,
            "solution_weight": null,
            "stats": {
                "explored_percent_concrete": 27.678571428571427,
                "explored_percent_lambda": 18.928571428571427,
                "explored_percent_none": 53.392857142857146,
                "kept_percent_concrete": 55.88235294117647,
                "kept_percent_lambda": 44.11764705882353,
                "num_examples": 5,
                "num_explored_concrete": 310,
                "num_explored_lambda": 212,
                "num_explored_none": 598,
                "num_inputs": 1,
                "num_kept_concrete": 19,
                "num_kept_lambda": 15,
                "num_values_explored": 1120,
                "num_values_kept": 34,
                "temperature": 1.0
            },
            "success": false,
            "task": "Task(\n    name='sort_L12_random_eval:L12:random:20',\n    inputs_dict={'x': [[19, -1, -25, 8, -18, -17, -20, 9, 1, 7, -16, 5], [2, 13, 3, -7, -3, -6, 7, 12, 8, -14, -18, -21], [1, -13, 5, 4, -6, 13, 15, -16, 24, -9, 12, 17], [9, 11, 22, 7, 17, 2, 15, 6, -22, 4, 0, -2], [-20, -22, -24, -19, -7, 11, 8, -4, -15, -9, 16, 25]]},\n    outputs=[[-25, -20, -18, -17, -16, -1, 1, 5, 7, 8, 9, 19], [-21, -18, -14, -7, -6, -3, 2, 3, 7, 8, 12, 13], [-16, -13, -9, -6, 1, 4, 5, 12, 13, 15, 17, 24], [-22, -2, 0, 2, 4, 6, 7, 9, 11, 15, 17, 22], [-24, -22, -20, -19, -15, -9, -7, -4, 8, 11, 16, 25]],\n    solution='Sort(x)'\n)",
            "task_solution": "Sort(x)",
            "task_solution_weight": null
        },
        {
            "elapsed_time": 0.48350270302034914,
            "num_unique_values": 45,
            "solution": null,
            "solution_weight": null,
            "stats": {
                "explored_percent_concrete": 31.928571428571427,
                "explored_percent_lambda": 19.071428571428573,
                "explored_percent_none": 49.0,
                "kept_percent_concrete": 58.333333333333336,
                "kept_percent_lambda": 41.666666666666664,
                "num_examples": 5,
                "num_explored_concrete": 447,
                "num_explored_lambda": 267,
                "num_explored_none": 686,
                "num_inputs": 1,
                "num_kept_concrete": 21,
                "num_kept_lambda": 15,
                "num_values_explored": 1400,
                "num_values_kept": 36,
                "temperature": 1.0
            },
            "success": false,
            "task": "Task(\n    name='sort_L12_random_eval:L12:random:21',\n    inputs_dict={'x': [[20, 12, 8, 16, 18, -10, 2, 3, -18, 5, -25, 13], [-20, 15, 4, -14, -1, 19, -16, -2, 13, -24, 9, -4], [0, 9, -20, 13, 6, 10, -14, -21, 16, -16, -10, -11], [-15, -24, -19, 6, 0, 9, -1, -8, -16, 21, 17, -11], [2, -13, -14, -22, -5, 5, -10, -19, 15, -1, 3, -12]]},\n    outputs=[[-25, -18, -10, 2, 3, 5, 8, 12, 13, 16, 18, 20], [-24, -20, -16, -14, -4, -2, -1, 4, 9, 13, 15, 19], [-21, -20, -16, -14, -11, -10, 0, 6, 9, 10, 13, 16], [-24, -19, -16, -15, -11, -8, -1, 0, 6, 9, 17, 21], [-22, -19, -14, -13, -12, -10, -5, -1, 2, 3, 5, 15]],\n    solution='Sort(x)'\n)",
            "task_solution": "Sort(x)",
            "task_solution_weight": null
        },
        {
            "elapsed_time": 0.08672483899863437,
            "num_unique_values": 28,
            "solution": "Sort(Reverse(x))",
            "solution_weight": 3,
            "stats": {
                "explored_percent_concrete": 27.727272727272727,
                "explored_percent_lambda": 24.09090909090909,
                "explored_percent_none": 48.18181818181818,
                "kept_percent_concrete": 42.10526315789474,
                "kept_percent_lambda": 57.89473684210526,
                "num_examples": 5,
                "num_explored_concrete": 61,
                "num_explored_lambda": 53,
                "num_explored_none": 106,
                "num_inputs": 1,
                "num_kept_concrete": 8,
                "num_kept_lambda": 11,
                "num_values_explored": 220,
                "num_values_kept": 19,
                "temperature": 1.0
            },
            "success": true,
            "task": "Task(\n    name='sort_L12_random_eval:L12:random:22',\n    inputs_dict={'x': [[-1, 2, 23, 12, -9, -8, -20, -21, 0, -14, 3, 18], [4, -9, -18, -6, 3, -8, -11, 8, 12, 22, -1, -25], [-12, -20, -22, -17, 1, -21, 17, -24, 9, 22, 14, -16], [-17, -9, 25, -22, 16, 17, 11, -5, 3, 13, 8, 18], [15, -11, -22, 6, 7, -21, -6, -19, 17, -12, -13, 13]]},\n    outputs=[[-21, -20, -14, -9, -8, -1, 0, 2, 3, 12, 18, 23], [-25, -18, -11, -9, -8, -6, -1, 3, 4, 8, 12, 22], [-24, -22, -21, -20, -17, -16, -12, 1, 9, 14, 17, 22], [-22, -17, -9, -5, 3, 8, 11, 13, 16, 17, 18, 25], [-22, -21, -19, -13, -12, -11, -6, 6, 7, 13, 15, 17]],\n    solution='Sort(x)'\n)",
            "task_solution": "Sort(x)",
            "task_solution_weight": null
        },
        {
            "elapsed_time": 0.08720710498164408,
            "num_unique_values": 29,
            "solution": "Sort(Reverse(x))",
            "solution_weight": 3,
            "stats": {
                "explored_percent_concrete": 26.818181818181817,
                "explored_percent_lambda": 23.636363636363637,
                "explored_percent_none": 49.54545454545455,
                "kept_percent_concrete": 50.0,
                "kept_percent_lambda": 50.0,
                "num_examples": 5,
                "num_explored_concrete": 59,
                "num_explored_lambda": 52,
                "num_explored_none": 109,
                "num_inputs": 1,
                "num_kept_concrete": 10,
                "num_kept_lambda": 10,
                "num_values_explored": 220,
                "num_values_kept": 20,
                "temperature": 1.0
            },
            "success": true,
