{
    "num_operations": 28,
    "num_tasks": 50,
    "num_tasks_solved": 0,
    "results": [
        {
            "elapsed_time": 0.3021110840199981,
            "num_unique_values": 42,
            "solution": null,
            "solution_weight": null,
            "stats": {
                "explored_percent_concrete": 30.714285714285715,
                "explored_percent_lambda": 14.285714285714286,
                "explored_percent_none": 55.0,
                "kept_percent_concrete": 69.6969696969697,
                "kept_percent_lambda": 30.303030303030305,
                "num_examples": 5,
                "num_explored_concrete": 258,
                "num_explored_lambda": 120,
                "num_explored_none": 462,
                "num_inputs": 1,
                "num_kept_concrete": 23,
                "num_kept_lambda": 10,
                "num_values_explored": 840,
                "num_values_kept": 33,
                "temperature": 1.0
            },
            "success": false,
            "task": "Task(\n    name='sort_L18_random_eval:L18:random:0',\n    inputs_dict={'x': [[-11, 22, 16, -25, -23, 19, -20, -22, 17, 7, -15, -21, -16, -4, -10, 21, 12, -14], [11, 7, -15, 4, -16, -13, -23, 16, 13, 17, -19, -8, -10, 3, 25, 10, 18, -1], [24, 18, 19, -5, -20, 22, 8, 1, -19, -9, 23, -1, -7, -10, 4, 16, -4, -3], [19, -7, 20, -12, -4, 6, 18, 17, 16, -9, -21, 10, 22, 21, -24, 12, -6, -8], [16, 6, -16, -5, 13, 19, -20, -14, 24, 1, -13, 22, -17, -11, -2, -10, 9, -24]]},\n    outputs=[[-25, -23, -22, -21, -20, -16, -15, -14, -11, -10, -4, 7, 12, 16, 17, 19, 21, 22], [-23, -19, -16, -15, -13, -10, -8, -1, 3, 4, 7, 10, 11, 13, 16, 17, 18, 25], [-20, -19, -10, -9, -7, -5, -4, -3, -1, 1, 4, 8, 16, 18, 19, 22, 23, 24], [-24, -21, -12, -9, -8, -7, -6, -4, 6, 10, 12, 16, 17, 18, 19, 20, 21, 22], [-24, -20, -17, -16, -14, -13, -11, -10, -5, -2, 1, 6, 9, 13, 16, 19, 22, 24]],\n    solution='Sort(x)'\n)",
            "task_solution": "Sort(x)",
            "task_solution_weight": null
        },
        {
            "elapsed_time": 0.40651676201377995,
            "num_unique_values": 53,
            "solution": null,
            "solution_weight": null,
            "stats": {
                "explored_percent_concrete": 31.428571428571427,
                "explored_percent_lambda": 13.482142857142858,
                "explored_percent_none": 55.089285714285715,
                "kept_percent_concrete": 77.27272727272727,
                "kept_percent_lambda": 22.727272727272727,
                "num_examples": 5,
                "num_explored_concrete": 352,
                "num_explored_lambda": 151,
                "num_explored_none": 617,
                "num_inputs": 1,
                "num_kept_concrete": 34,
                "num_kept_lambda": 10,
                "num_values_explored": 1120,
                "num_values_kept": 44,
                "temperature": 1.0
            },
            "success": false,
            "task": "Task(\n    name='sort_L18_random_eval:L18:random:1',\n    inputs_dict={'x': [[24, 15, -4, -14, 2, 13, -10, 1, -7, -12, 22, 4, 19, -9, 14, -24, -13, 3], [-9, -22, -10, 7, -12, -18, -3, -11, 9, -25, -21, 25, -8, -1, -6, 1, -20, 17], [-6, 24, 4, -4, 16, -13, 8, -10, 7, -22, 3, -20, 11, 21, 1, 6, -3, -17], [-20, -4, -1, -10, 25, -5, -17, 5, 15, 3, -15, -22, 8, -24, -21, 18, -13, 13], [-21, -25, 21, 14, -20, -6, -3, -17, 16, 23, -2, -7, 15, -12, 12, -15, 4, 10]]},\n    outputs=[[-24, -14, -13, -12, -10, -9, -7, -4, 1, 2, 3, 4, 13, 14, 15, 19, 22, 24], [-25, -22, -21, -20, -18, -12, -11, -10, -9, -8, -6, -3, -1, 1, 7, 9, 17, 25], [-22, -20, -17, -13, -10, -6, -4, -3, 1, 3, 4, 6, 7, 8, 11, 16, 21, 24], [-24, -22, -21, -20, -17, -15, -13, -10, -5, -4, -1, 3, 5, 8, 13, 15, 18, 25], [-25, -21, -20, -17, -15, -12, -7, -6, -3, -2, 4, 10, 12, 14, 15, 16, 21, 23]],\n    solution='Sort(x)'\n)",
            "task_solution": "Sort(x)",
            "task_solution_weight": null
        },
        {
            "elapsed_time": 0.31683135699131526,
            "num_unique_values": 47,
            "solution": null,
            "solution_weight": null,
            "stats": {
                "explored_percent_concrete": 30.833333333333332,
                "explored_percent_lambda": 16.071428571428573,
                "explored_percent_none": 53.095238095238095,
                "kept_percent_concrete": 71.05263157894737,
                "kept_percent_lambda": 28.94736842105263,
                "num_examples": 5,
                "num_explored_concrete": 259,
                "num_explored_lambda": 135,
                "num_explored_none": 446,
                "num_inputs": 1,
                "num_kept_concrete": 27,
                "num_kept_lambda": 11,
                "num_values_explored": 840,
                "num_values_kept": 38,
                "temperature": 1.0
            },
            "success": false,
            "task": "Task(\n    name='sort_L18_random_eval:L18:random:2',\n    inputs_dict={'x': [[-18, -15, -4, 0, -21, -8, -24, 9, 3, -23, -13, -3, -14, -5, -1, -16, 12, 20], [23, 0, 9, -2, 10, -3, -9, -18, 24, -24, -22, -20, 13, -14, 1, 3, -25, 5], [13, 19, 8, -23, -10, 5, 6, -24, 4, 1, -25, -3, -13, 2, 11, -2, 9, -21], [-13, -12, -16, 1, -11, -19, 9, -21, 24, 14, -5, -25, 2, 12, -20, 7, 18, 17], [-23, -14, 25, 4, -3, 24, -16, -7, 7, -13, -21, 12, 18, 21, 8, -2, -11, -6]]},\n    outputs=[[-24, -23, -21, -18, -16, -15, -14, -13, -8, -5, -4, -3, -1, 0, 3, 9, 12, 20], [-25, -24, -22, -20, -18, -14, -9, -3, -2, 0, 1, 3, 5, 9, 10, 13, 23, 24], [-25, -24, -23, -21, -13, -10, -3, -2, 1, 2, 4, 5, 6, 8, 9, 11, 13, 19], [-25, -21, -20, -19, -16, -13, -12, -11, -5, 1, 2, 7, 9, 12, 14, 17, 18, 24], [-23, -21, -16, -14, -13, -11, -7, -6, -3, -2, 4, 7, 8, 12, 18, 21, 24, 25]],\n    solution='Sort(x)'\n)",
            "task_solution": "Sort(x)",
            "task_solution_weight": null
        },
        {
            "elapsed_time": 0.400143170991214,
            "num_unique_values": 43,
            "solution": null,
            "solution_weight": null,
            "stats": {
                "explored_percent_concrete": 29.523809523809526,
                "explored_percent_lambda": 15.952380952380953,
                "explored_percent_none": 54.523809523809526,
                "kept_percent_concrete": 67.6470588235294,
                "kept_percent_lambda": 32.35294117647059,
                "num_examples": 5,
                "num_explored_concrete": 248,
                "num_explored_lambda": 134,
                "num_explored_none": 458,
                "num_inputs": 1,
                "num_kept_concrete": 23,
                "num_kept_lambda": 11,
                "num_values_explored": 840,
                "num_values_kept": 34,
                "temperature": 1.0
            },
            "success": false,
            "task": "Task(\n    name='sort_L18_random_eval:L18:random:3',\n    inputs_dict={'x': [[-3, -15, -14, -13, 1, 2, 9, -16, -2, 11, -7, -23, -25, -4, 15, 14, 23, 10], [-10, 21, -20, 0, 22, -8, -11, -12, -2, 5, 18, 16, -4, -16, -25, 1, 6, 7], [-20, -7, 19, 17, 10, -10, -11, 13, 1, -3, 0, -14, 20, -18, -19, 3, -1, -23], [-3, -4, -15, 2, -2, -14, -6, -8, 5, -12, 21, -17, -21, 14, 15, -20, 13, -11], [-13, 9, 13, 0, -22, -21, 15, 3, -7, 11, -15, -17, 6, -20, -5, 12, 1, 19]]},\n    outputs=[[-25, -23, -16, -15, -14, -13, -7, -4, -3, -2, 1, 2, 9, 10, 11, 14, 15, 23], [-25, -20, -16, -12, -11, -10, -8, -4, -2, 0, 1, 5, 6, 7, 16, 18, 21, 22], [-23, -20, -19, -18, -14, -11, -10, -7, -3, -1, 0, 1, 3, 10, 13, 17, 19, 20], [-21, -20, -17, -15, -14, -12, -11, -8, -6, -4, -3, -2, 2, 5, 13, 14, 15, 21], [-22, -21, -20, -17, -15, -13, -7, -5, 0, 1, 3, 6, 9, 11, 12, 13, 15, 19]],\n    solution='Sort(x)'\n)",
            "task_solution": "Sort(x)",
            "task_solution_weight": null
        },
        {
            "elapsed_time": 0.30296861098031513,
            "num_unique_values": 36,
            "solution": null,
            "solution_weight": null,
            "stats": {
                "explored_percent_concrete": 28.095238095238095,
                "explored_percent_lambda": 11.904761904761905,
                "explored_percent_none": 60.0,
                "kept_percent_concrete": 70.37037037037037,
                "kept_percent_lambda": 29.62962962962963,
                "num_examples": 5,
                "num_explored_concrete": 236,
                "num_explored_lambda": 100,
                "num_explored_none": 504,
                "num_inputs": 1,
                "num_kept_concrete": 19,
                "num_kept_lambda": 8,
                "num_values_explored": 840,
                "num_values_kept": 27,
                "temperature": 1.0
            },
            "success": false,
            "task": "Task(\n    name='sort_L18_random_eval:L18:random:4',\n    inputs_dict={'x': [[-13, 24, -1, 5, -8, -25, -18, 2, 3, -21, 1, -19, -23, -3, -22, -9, -10, 20], [-15, 6, 21, -18, -12, 1, -1, -5, -3, -23, 13, 5, -24, -22, 23, 25, -6, 14], [23, 21, 22, -20, -9, 0, 14, 19, 10, -22, 25, -24, -4, 20, -2, 3, 24, 17], [-25, 20, -6, 13, 10, 25, -23, -3, 5, -21, 11, -24, -2, 23, -12, -7, 6, -22], [-22, 14, -2, 20, -13, 1, 10, -18, 19, -25, 21, -21, -12, -5, -7, -23, 6, 22]]},\n    outputs=[[-25, -23, -22, -21, -19, -18, -13, -10, -9, -8, -3, -1, 1, 2, 3, 5, 20, 24], [-24, -23, -22, -18, -15, -12, -6, -5, -3, -1, 1, 5, 6, 13, 14, 21, 23, 25], [-24, -22, -20, -9, -4, -2, 0, 3, 10, 14, 17, 19, 20, 21, 22, 23, 24, 25], [-25, -24, -23, -22, -21, -12, -7, -6, -3, -2, 5, 6, 10, 11, 13, 20, 23, 25], [-25, -23, -22, -21, -18, -13, -12, -7, -5, -2, 1, 6, 10, 14, 19, 20, 21, 22]],\n    solution='Sort(x)'\n)",
            "task_solution": "Sort(x)",
            "task_solution_weight": null
        },
        {
            "elapsed_time": 0.41088489899993874,
            "num_unique_values": 43,
            "solution": null,
            "solution_weight": null,
            "stats": {
                "explored_percent_concrete": 28.839285714285715,
                "explored_percent_lambda": 15.089285714285714,
                "explored_percent_none": 56.07142857142857,
                "kept_percent_concrete": 67.6470588235294,
                "kept_percent_lambda": 32.35294117647059,
                "num_examples": 5,
                "num_explored_concrete": 323,
                "num_explored_lambda": 169,
                "num_explored_none": 628,
                "num_inputs": 1,
                "num_kept_concrete": 23,
                "num_kept_lambda": 11,
                "num_values_explored": 1120,
                "num_values_kept": 34,
                "temperature": 1.0
            },
            "success": false,
            "task": "Task(\n    name='sort_L18_random_eval:L18:random:5',\n    inputs_dict={'x': [[9, -25, 0, 17, 14, 1, 6, 12, 24, -6, -15, 19, -20, 10, 13, 5, -10, -7], [-17, -10, -8, -13, -19, 9, 3, 22, 20, -9, 5, 14, -11, -15, -4, 17, -3, -14], [13, -20, -21, 24, -19, -23, 11, 3, 18, -11, 9, 14, 19, 23, 10, 15, 0, -8], [-21, 0, 14, 9, -15, 7, 5, -19, -9, -1, -6, -10, 25, -25, 19, -16, 13, -13], [7, -17, -14, 24, 2, 15, 0, -1, 8, 5, -25, -7, -19, 1, -3, 13, -5, 19]]},\n    outputs=[[-25, -20, -15, -10, -7, -6, 0, 1, 5, 6, 9, 10, 12, 13, 14, 17, 19, 24], [-19, -17, -15, -14, -13, -11, -10, -9, -8, -4, -3, 3, 5, 9, 14, 17, 20, 22], [-23, -21, -20, -19, -11, -8, 0, 3, 9, 10, 11, 13, 14, 15, 18, 19, 23, 24], [-25, -21, -19, -16, -15, -13, -10, -9, -6, -1, 0, 5, 7, 9, 13, 14, 19, 25], [-25, -19, -17, -14, -7, -5, -3, -1, 0, 1, 2, 5, 7, 8, 13, 15, 19, 24]],\n    solution='Sort(x)'\n)",
            "task_solution": "Sort(x)",
            "task_solution_weight": null
        },
        {
            "elapsed_time": 0.4051913300063461,
            "num_unique_values": 42,
            "solution": null,
            "solution_weight": null,
            "stats": {
                "explored_percent_concrete": 29.732142857142858,
                "explored_percent_lambda": 15.446428571428571,
                "explored_percent_none": 54.82142857142857,
                "kept_percent_concrete": 63.63636363636363,
                "kept_percent_lambda": 36.36363636363637,
                "num_examples": 5,
                "num_explored_concrete": 333,
                "num_explored_lambda": 173,
                "num_explored_none": 614,
                "num_inputs": 1,
                "num_kept_concrete": 21,
                "num_kept_lambda": 12,
                "num_values_explored": 1120,
                "num_values_kept": 33,
                "temperature": 1.0
            },
            "success": false,
            "task": "Task(\n    name='sort_L18_random_eval:L18:random:6',\n    inputs_dict={'x': [[-12, 20, -19, -4, -18, 15, 12, -10, -5, -15, -6, 2, 4, 0, 24, 5, 23, 1], [-24, -10, -21, 11, 24, 8, -15, 15, -12, -8, -25, 12, 2, -17, 10, -18, -19, -9], [-2, -16, -8, -5, 8, 24, -13, -6, -17, 14, -9, 9, -12, -7, -3, -10, -19, 10], [21, 22, -5, 12, -11, -16, 20, 7, 0, 9, -24, -8, -6, 19, -3, -21, -10, 8], [24, 6, 21, -18, -22, -20, -3, 2, -1, 23, -14, 25, -25, -6, 14, -8, -16, 22]]},\n    outputs=[[-19, -18, -15, -12, -10, -6, -5, -4, 0, 1, 2, 4, 5, 12, 15, 20, 23, 24], [-25, -24, -21, -19, -18, -17, -15, -12, -10, -9, -8, 2, 8, 10, 11, 12, 15, 24], [-19, -17, -16, -13, -12, -10, -9, -8, -7, -6, -5, -3, -2, 8, 9, 10, 14, 24], [-24, -21, -16, -11, -10, -8, -6, -5, -3, 0, 7, 8, 9, 12, 19, 20, 21, 22], [-25, -22, -20, -18, -16, -14, -8, -6, -3, -1, 2, 6, 14, 21, 22, 23, 24, 25]],\n    solution='Sort(x)'\n)",
            "task_solution": "Sort(x)",
            "task_solution_weight": null
        },
        {
            "elapsed_time": 0.38501671599806286,
            "num_unique_values": 40,
            "solution": null,
            "solution_weight": null,
            "stats": {
                "explored_percent_concrete": 27.946428571428573,
                "explored_percent_lambda": 15.267857142857142,
                "explored_percent_none": 56.785714285714285,
                "kept_percent_concrete": 67.74193548387096,
                "kept_percent_lambda": 32.25806451612903,
                "num_examples": 5,
                "num_explored_concrete": 313,
                "num_explored_lambda": 171,
                "num_explored_none": 636,
                "num_inputs": 1,
                "num_kept_concrete": 21,
                "num_kept_lambda": 10,
                "num_values_explored": 1120,
                "num_values_kept": 31,
                "temperature": 1.0
            },
            "success": false,
            "task": "Task(\n    name='sort_L18_random_eval:L18:random:7',\n    inputs_dict={'x': [[21, -4, 16, 7, -6, -13, 10, -1, -17, -5, 25, 14, 9, 6, -21, 17, -18, 20], [7, -12, -16, -5, -4, 25, -24, -21, 21, 17, 3, 18, 1, 16, -22, -23, 4, -2], [3, -11, 18, 9, 5, -6, 19, -19, 16, -7, 23, -22, 25, 4, 12, -17, -1, 8], [18, 21, -4, -25, -5, 2, -7, -2, -8, -16, -15, 7, -18, 8, 6, 0, -24, 3], [-13, -15, 12, 22, 14, -19, -11, 18, -3, 6, 23, -4, -25, -23, 7, 16, 19, 21]]},\n    outputs=[[-21, -18, -17, -13, -6, -5, -4, -1, 6, 7, 9, 10, 14, 16, 17, 20, 21, 25], [-24, -23, -22, -21, -16, -12, -5, -4, -2, 1, 3, 4, 7, 16, 17, 18, 21, 25], [-22, -19, -17, -11, -7, -6, -1, 3, 4, 5, 8, 9, 12, 16, 18, 19, 23, 25], [-25, -24, -18, -16, -15, -8, -7, -5, -4, -2, 0, 2, 3, 6, 7, 8, 18, 21], [-25, -23, -19, -15, -13, -11, -4, -3, 6, 7, 12, 14, 16, 18, 19, 21, 22, 23]],\n    solution='Sort(x)'\n)",
            "task_solution": "Sort(x)",
            "task_solution_weight": null
        },
        {
            "elapsed_time": 0.41678002499975264,
            "num_unique_values": 46,
            "solution": null,
            "solution_weight": null,
            "stats": {
                "explored_percent_concrete": 30.446428571428573,
                "explored_percent_lambda": 15.0,
                "explored_percent_none": 54.55357142857143,
                "kept_percent_concrete": 70.27027027027027,
                "kept_percent_lambda": 29.72972972972973,
                "num_examples": 5,
                "num_explored_concrete": 341,
                "num_explored_lambda": 168,
                "num_explored_none": 611,
                "num_inputs": 1,
                "num_kept_concrete": 26,
                "num_kept_lambda": 11,
                "num_values_explored": 1120,
                "num_values_kept": 37,
                "temperature": 1.0
            },
            "success": false,
            "task": "Task(\n    name='sort_L18_random_eval:L18:random:8',\n    inputs_dict={'x': [[15, 3, 5, 13, 7, -11, 12, -20, 6, -1, -22, 23, -3, -23, 21, -18, -5, 2], [14, -20, -4, -10, 3, 10, -12, -14, 20, -19, 22, 17, 23, 19, -18, -6, -5, -2], [22, -25, 10, 20, 21, 12, -10, 1, 7, -12, 14, 11, 23, -7, -15, 6, -5, -2], [19, 11, 14, 12, -9, 6, -8, -18, 10, -21, -23, -24, -2, 9, 2, 1, 20, -19], [-15, -5, -12, 17, 6, -16, -22, 12, 19, -20, 8, -14, 4, 2, -13, 10, 7, -11]]},\n    outputs=[[-23, -22, -20, -18, -11, -5, -3, -1, 2, 3, 5, 6, 7, 12, 13, 15, 21, 23], [-20, -19, -18, -14, -12, -10, -6, -5, -4, -2, 3, 10, 14, 17, 19, 20, 22, 23], [-25, -15, -12, -10, -7, -5, -2, 1, 6, 7, 10, 11, 12, 14, 20, 21, 22, 23], [-24, -23, -21, -19, -18, -9, -8, -2, 1, 2, 6, 9, 10, 11, 12, 14, 19, 20], [-22, -20, -16, -15, -14, -13, -12, -11, -5, 2, 4, 6, 7, 8, 10, 12, 17, 19]],\n    solution='Sort(x)'\n)",
            "task_solution": "Sort(x)",
            "task_solution_weight": null
        },
        {
            "elapsed_time": 0.3932011679862626,
            "num_unique_values": 44,
            "solution": null,
            "solution_weight": null,
            "stats": {
                "explored_percent_concrete": 30.892857142857142,
                "explored_percent_lambda": 14.821428571428571,
                "explored_percent_none": 54.285714285714285,
                "kept_percent_concrete": 71.42857142857143,
                "kept_percent_lambda": 28.571428571428573,
                "num_examples": 5,
                "num_explored_concrete": 346,
                "num_explored_lambda": 166,
                "num_explored_none": 608,
                "num_inputs": 1,
                "num_kept_concrete": 25,
                "num_kept_lambda": 10,
                "num_values_explored": 1120,
                "num_values_kept": 35,
                "temperature": 1.0
            },
            "success": false,
            "task": "Task(\n    name='sort_L18_random_eval:L18:random:9',\n    inputs_dict={'x': [[25, 3, 19, -10, 13, -1, -9, -17, 23, -11, -20, 0, -13, 1, -22, 16, -19, -18], [25, -18, 23, 16, -16, -10, -23, -5, -22, -24, -2, -6, -1, 7, -3, -8, 6, -9], [-4, 22, -10, 13, -8, -24, 23, 11, 0, 3, 10, 7, -23, 24, -19, 1, -3, 16], [16, -10, -20, 8, 11, 15, -5, 3, -18, 4, 23, 22, -25, 18, -22, -19, -21, -8], [7, 3, 23, -11, 6, -13, -4, -23, 24, 17, 15, -12, 10, -9, -15, -16, 0, 1]]},\n    outputs=[[-22, -20, -19, -18, -17, -13, -11, -10, -9, -1, 0, 1, 3, 13, 16, 19, 23, 25], [-24, -23, -22, -18, -16, -10, -9, -8, -6, -5, -3, -2, -1, 6, 7, 16, 23, 25], [-24, -23, -19, -10, -8, -4, -3, 0, 1, 3, 7, 10, 11, 13, 16, 22, 23, 24], [-25, -22, -21, -20, -19, -18, -10, -8, -5, 3, 4, 8, 11, 15, 16, 18, 22, 23], [-23, -16, -15, -13, -12, -11, -9, -4, 0, 1, 3, 6, 7, 10, 15, 17, 23, 24]],\n    solution='Sort(x)'\n)",
            "task_solution": "Sort(x)",
            "task_solution_weight": null
        },
        {
            "elapsed_time": 0.3989030529919546,
            "num_unique_values": 40,
            "solution": null,
            "solution_weight": null,
            "stats": {
                "explored_percent_concrete": 29.910714285714285,
                "explored_percent_lambda": 13.839285714285714,
                "explored_percent_none": 56.25,
                "kept_percent_concrete": 74.19354838709677,
                "kept_percent_lambda": 25.806451612903224,
                "num_examples": 5,
                "num_explored_concrete": 335,
                "num_explored_lambda": 155,
                "num_explored_none": 630,
                "num_inputs": 1,
                "num_kept_concrete": 23,
                "num_kept_lambda": 8,
                "num_values_explored": 1120,
                "num_values_kept": 31,
                "temperature": 1.0
            },
            "success": false,
            "task": "Task(\n    name='sort_L18_random_eval:L18:random:10',\n    inputs_dict={'x': [[-16, 15, -18, -5, 11, 3, -7, 13, 6, 5, -2, -23, -13, -20, -21, 2, -15, 19], [11, 15, 8, 9, 2, 10, -16, 20, 22, -22, 16, -20, -15, -5, -25, -4, -11, 17], [-5, 21, -21, 22, -10, -20, 10, 12, -7, 4, -16, 17, 16, 3, -3, -12, -18, -9], [-19, 0, 21, 13, -24, 19, 10, 17, -21, -4, -15, 20, -2, -23, 15, 7, -12, -9], [-8, -12, -23, 19, -13, 17, 9, -14, -10, 2, 12, -19, -17, 10, -5, 24, -3, -2]]},\n    outputs=[[-23, -21, -20, -18, -16, -15, -13, -7, -5, -2, 2, 3, 5, 6, 11, 13, 15, 19], [-25, -22, -20, -16, -15, -11, -5, -4, 2, 8, 9, 10, 11, 15, 16, 17, 20, 22], [-21, -20, -18, -16, -12, -10, -9, -7, -5, -3, 3, 4, 10, 12, 16, 17, 21, 22], [-24, -23, -21, -19, -15, -12, -9, -4, -2, 0, 7, 10, 13, 15, 17, 19, 20, 21], [-23, -19, -17, -14, -13, -12, -10, -8, -5, -3, -2, 2, 9, 10, 12, 17, 19, 24]],\n    solution='Sort(x)'\n)",
            "task_solution": "Sort(x)",
            "task_solution_weight": null
        },
        {
            "elapsed_time": 0.3977815030084457,
            "num_unique_values": 43,
            "solution": null,
            "solution_weight": null,
            "stats": {
                "explored_percent_concrete": 27.946428571428573,
                "explored_percent_lambda": 15.625,
                "explored_percent_none": 56.42857142857143,
                "kept_percent_concrete": 58.8235294117647,
                "kept_percent_lambda": 41.1764705882353,
                "num_examples": 5,
                "num_explored_concrete": 313,
                "num_explored_lambda": 175,
                "num_explored_none": 632,
                "num_inputs": 1,
                "num_kept_concrete": 20,
                "num_kept_lambda": 14,
                "num_values_explored": 1120,
                "num_values_kept": 34,
                "temperature": 1.0
            },
            "success": false,
            "task": "Task(\n    name='sort_L18_random_eval:L18:random:11',\n    inputs_dict={'x': [[-4, -2, 9, -7, -13, -15, 18, 4, 0, -17, -3, -20, -19, -22, 19, -25, -24, 25], [16, 5, -12, 24, 12, 4, 19, -3, -18, -23, 15, -22, -10, -7, 6, 20, 11, -11], [0, -8, -9, 5, -10, -6, 2, 21, -15, -2, -11, 7, 8, 3, 20, -24, 11, 13], [-15, 10, -20, 12, 7, -17, 6, 4, 24, 11, 21, 3, -16, -14, -2, 2, -18, -23], [14, -18, 12, -1, 25, -25, -13, -23, 11, -2, -11, 19, 2, -17, 23, -15, 4, 22]]},\n    outputs=[[-25, -24, -22, -20, -19, -17, -15, -13, -7, -4, -3, -2, 0, 4, 9, 18, 19, 25], [-23, -22, -18, -12, -11, -10, -7, -3, 4, 5, 6, 11, 12, 15, 16, 19, 20, 24], [-24, -15, -11, -10, -9, -8, -6, -2, 0, 2, 3, 5, 7, 8, 11, 13, 20, 21], [-23, -20, -18, -17, -16, -15, -14, -2, 2, 3, 4, 6, 7, 10, 11, 12, 21, 24], [-25, -23, -18, -17, -15, -13, -11, -2, -1, 2, 4, 11, 12, 14, 19, 22, 23, 25]],\n    solution='Sort(x)'\n)",
            "task_solution": "Sort(x)",
            "task_solution_weight": null
        },
        {
            "elapsed_time": 0.40379621501779184,
            "num_unique_values": 42,
            "solution": null,
            "solution_weight": null,
            "stats": {
                "explored_percent_concrete": 29.375,
                "explored_percent_lambda": 14.196428571428571,
                "explored_percent_none": 56.42857142857143,
                "kept_percent_concrete": 60.60606060606061,
                "kept_percent_lambda": 39.39393939393939,
                "num_examples": 5,
                "num_explored_concrete": 329,
                "num_explored_lambda": 159,
                "num_explored_none": 632,
                "num_inputs": 1,
                "num_kept_concrete": 20,
                "num_kept_lambda": 13,
                "num_values_explored": 1120,
                "num_values_kept": 33,
                "temperature": 1.0
            },
            "success": false,
            "task": "Task(\n    name='sort_L18_random_eval:L18:random:12',\n    inputs_dict={'x': [[-24, 24, 6, 10, 17, -2, -6, -22, 20, 18, 1, -19, 4, -3, -8, 2, 15, 7], [-18, -16, 18, 2, -17, 9, -19, 21, 17, 22, 4, -14, -23, -24, -25, 23, -22, 14], [-1, 2, -13, 3, 19, -9, 13, 10, -4, 24, -2, 7, 11, -11, 21, -21, 12, -18], [-25, 20, -1, 17, -10, 12, 11, -2, -8, 0, 4, 23, 24, 18, 1, -16, 22, 13], [-17, 9, 23, -10, -8, 0, 18, 19, -19, -13, 16, 3, -1, -24, -14, 15, -9, 17]]},\n    outputs=[[-24, -22, -19, -8, -6, -3, -2, 1, 2, 4, 6, 7, 10, 15, 17, 18, 20, 24], [-25, -24, -23, -22, -19, -18, -17, -16, -14, 2, 4, 9, 14, 17, 18, 21, 22, 23], [-21, -18, -13, -11, -9, -4, -2, -1, 2, 3, 7, 10, 11, 12, 13, 19, 21, 24], [-25, -16, -10, -8, -2, -1, 0, 1, 4, 11, 12, 13, 17, 18, 20, 22, 23, 24], [-24, -19, -17, -14, -13, -10, -9, -8, -1, 0, 3, 9, 15, 16, 17, 18, 19, 23]],\n    solution='Sort(x)'\n)",
            "task_solution": "Sort(x)",
            "task_solution_weight": null
        },
        {
            "elapsed_time": 0.49525782401906326,
            "num_unique_values": 42,
            "solution": null,
            "solution_weight": null,
            "stats": {
                "explored_percent_concrete": 30.071428571428573,
                "explored_percent_lambda": 16.0,
                "explored_percent_none": 53.92857142857143,
                "kept_percent_concrete": 63.63636363636363,
                "kept_percent_lambda": 36.36363636363637,
                "num_examples": 5,
                "num_explored_concrete": 421,
                "num_explored_lambda": 224,
                "num_explored_none": 755,
                "num_inputs": 1,
                "num_kept_concrete": 21,
                "num_kept_lambda": 12,
                "num_values_explored": 1400,
                "num_values_kept": 33,
                "temperature": 1.0
            },
            "success": false,
            "task": "Task(\n    name='sort_L18_random_eval:L18:random:13',\n    inputs_dict={'x': [[-25, -6, -12, 6, 16, -17, -24, -10, -15, -19, 10, 1, 23, -2, 20, 18, -1, -4], [-7, 18, 14, 9, -13, 20, -25, 11, -21, 10, 0, 22, -9, 6, 19, -12, -2, -20], [17, -25, -1, 16, 6, -9, -21, -19, -23, -7, -8, 8, 0, -24, -5, -15, -16, 20], [15, -3, -13, -11, 4, -4, 11, -1, -12, -7, -14, -8, -9, 17, 24, -6, 6, 23], [16, -9, 6, 19, -1, 10, 8, 17, 9, -23, 13, 2, -24, 11, -12, 20, 12, 4]]},\n    outputs=[[-25, -24, -19, -17, -15, -12, -10, -6, -4, -2, -1, 1, 6, 10, 16, 18, 20, 23], [-25, -21, -20, -13, -12, -9, -7, -2, 0, 6, 9, 10, 11, 14, 18, 19, 20, 22], [-25, -24, -23, -21, -19, -16, -15, -9, -8, -7, -5, -1, 0, 6, 8, 16, 17, 20], [-14, -13, -12, -11, -9, -8, -7, -6, -4, -3, -1, 4, 6, 11, 15, 17, 23, 24], [-24, -23, -12, -9, -1, 2, 4, 6, 8, 9, 10, 11, 12, 13, 16, 17, 19, 20]],\n    solution='Sort(x)'\n)",
            "task_solution": "Sort(x)",
            "task_solution_weight": null
        },
        {
            "elapsed_time": 0.40772085200296715,
            "num_unique_values": 46,
            "solution": null,
            "solution_weight": null,
            "stats": {
                "explored_percent_concrete": 28.839285714285715,
                "explored_percent_lambda": 13.928571428571429,
                "explored_percent_none": 57.232142857142854,
                "kept_percent_concrete": 72.97297297297297,
                "kept_percent_lambda": 27.027027027027028,
                "num_examples": 5,
                "num_explored_concrete": 323,
                "num_explored_lambda": 156,
                "num_explored_none": 641,
                "num_inputs": 1,
                "num_kept_concrete": 27,
                "num_kept_lambda": 10,
                "num_values_explored": 1120,
                "num_values_kept": 37,
                "temperature": 1.0
            },
            "success": false,
            "task": "Task(\n    name='sort_L18_random_eval:L18:random:14',\n    inputs_dict={'x': [[-13, 19, -17, 4, 14, 17, -10, -21, 2, -16, 3, 16, 11, -23, -9, -18, 0, -24], [14, -5, -7, 19, 5, -23, -3, 8, 3, 23, 1, -12, 6, 20, -22, -10, -1, 22], [-5, -15, -8, 11, 20, -14, -21, 22, 2, 10, -23, -11, -2, 24, -25, 25, -3, -24], [12, -24, 19, -3, 24, -5, 7, 3, -15, 17, 16, 20, -25, -14, 13, 6, -22, -7], [7, 18, 5, -5, 11, -10, 22, -18, -9, 0, 20, -24, -15, -25, -6, 12, -3, 17]]},\n    outputs=[[-24, -23, -21, -18, -17, -16, -13, -10, -9, 0, 2, 3, 4, 11, 14, 16, 17, 19], [-23, -22, -12, -10, -7, -5, -3, -1, 1, 3, 5, 6, 8, 14, 19, 20, 22, 23], [-25, -24, -23, -21, -15, -14, -11, -8, -5, -3, -2, 2, 10, 11, 20, 22, 24, 25], [-25, -24, -22, -15, -14, -7, -5, -3, 3, 6, 7, 12, 13, 16, 17, 19, 20, 24], [-25, -24, -18, -15, -10, -9, -6, -5, -3, 0, 5, 7, 11, 12, 17, 18, 20, 22]],\n    solution='Sort(x)'\n)",
            "task_solution": "Sort(x)",
            "task_solution_weight": null
        },
        {
            "elapsed_time": 0.3073986840026919,
            "num_unique_values": 42,
            "solution": null,
            "solution_weight": null,
            "stats": {
                "explored_percent_concrete": 28.333333333333332,
                "explored_percent_lambda": 17.261904761904763,
                "explored_percent_none": 54.404761904761905,
                "kept_percent_concrete": 60.60606060606061,
                "kept_percent_lambda": 39.39393939393939,
                "num_examples": 5,
                "num_explored_concrete": 238,
                "num_explored_lambda": 145,
                "num_explored_none": 457,
                "num_inputs": 1,
                "num_kept_concrete": 20,
                "num_kept_lambda": 13,
                "num_values_explored": 840,
                "num_values_kept": 33,
                "temperature": 1.0
            },
            "success": false,
            "task": "Task(\n    name='sort_L18_random_eval:L18:random:15',\n    inputs_dict={'x': [[-6, 0, 25, -5, -24, 23, 1, 18, 21, 12, 4, -21, -3, 3, 19, 8, 7, 10], [18, 16, 20, 8, -8, -5, -24, 5, 23, 15, 4, -25, 0, 13, 12, 22, -20, 19], [-11, 21, 13, 5, -5, -1, -14, 19, -10, 14, -22, -13, -23, 23, 10, -2, 11, -21], [-18, 9, 11, -23, 14, 20, -2, 6, 3, -5, -6, -22, 5, 22, -10, 0, -21, -7], [-17, -13, -22, 24, -2, -8, 25, 17, 5, 3, 23, 6, -9, -19, 8, 2, -1, -21]]},\n    outputs=[[-24, -21, -6, -5, -3, 0, 1, 3, 4, 7, 8, 10, 12, 18, 19, 21, 23, 25], [-25, -24, -20, -8, -5, 0, 4, 5, 8, 12, 13, 15, 16, 18, 19, 20, 22, 23], [-23, -22, -21, -14, -13, -11, -10, -5, -2, -1, 5, 10, 11, 13, 14, 19, 21, 23], [-23, -22, -21, -18, -10, -7, -6, -5, -2, 0, 3, 5, 6, 9, 11, 14, 20, 22], [-22, -21, -19, -17, -13, -9, -8, -2, -1, 2, 3, 5, 6, 8, 17, 23, 24, 25]],\n    solution='Sort(x)'\n)",
            "task_solution": "Sort(x)",
            "task_solution_weight": null
        },
        {
            "elapsed_time": 0.3972515579953324,
            "num_unique_values": 44,
            "solution": null,
            "solution_weight": null,
            "stats": {
                "explored_percent_concrete": 29.375,
                "explored_percent_lambda": 16.696428571428573,
                "explored_percent_none": 53.92857142857143,
                "kept_percent_concrete": 65.71428571428571,
                "kept_percent_lambda": 34.285714285714285,
                "num_examples": 5,
                "num_explored_concrete": 329,
                "num_explored_lambda": 187,
                "num_explored_none": 604,
                "num_inputs": 1,
                "num_kept_concrete": 23,
                "num_kept_lambda": 12,
                "num_values_explored": 1120,
                "num_values_kept": 35,
                "temperature": 1.0
            },
            "success": false,
            "task": "Task(\n    name='sort_L18_random_eval:L18:random:16',\n    inputs_dict={'x': [[10, 1, -9, -11, -24, -6, -21, 13, 5, -3, 17, 12, -10, 2, -25, -14, -1, 19], [15, 5, 0, -14, 9, 21, -2, 3, -8, -24, -25, 8, -18, -22, 10, -5, 24, -20], [3, 17, -24, -8, 2, -14, 25, 1, 23, -13, -20, 10, -21, -19, 0, 4, -4, 6], [-20, 14, 10, -15, -1, 1, 2, 3, 25, -11, 22, -24, 5, -13, 16, 4, 24, 20], [-25, -16, -2, 12, 23, -17, 3, 6, 1, -4, -21, 17, 9, -12, 13, -9, -11, -7]]},\n    outputs=[[-25, -24, -21, -14, -11, -10, -9, -6, -3, -1, 1, 2, 5, 10, 12, 13, 17, 19], [-25, -24, -22, -20, -18, -14, -8, -5, -2, 0, 3, 5, 8, 9, 10, 15, 21, 24], [-24, -21, -20, -19, -14, -13, -8, -4, 0, 1, 2, 3, 4, 6, 10, 17, 23, 25], [-24, -20, -15, -13, -11, -1, 1, 2, 3, 4, 5, 10, 14, 16, 20, 22, 24, 25], [-25, -21, -17, -16, -12, -11, -9, -7, -4, -2, 1, 3, 6, 9, 12, 13, 17, 23]],\n    solution='Sort(x)'\n)",
            "task_solution": "Sort(x)",
            "task_solution_weight": null
        },
        {
            "elapsed_time": 0.417360313993413,
            "num_unique_values": 47,
            "solution": null,
            "solution_weight": null,
            "stats": {
                "explored_percent_concrete": 29.375,
                "explored_percent_lambda": 15.267857142857142,
                "explored_percent_none": 55.357142857142854,
                "kept_percent_concrete": 65.78947368421052,
                "kept_percent_lambda": 34.21052631578947,
                "num_examples": 5,
                "num_explored_concrete": 329,
                "num_explored_lambda": 171,
                "num_explored_none": 620,
                "num_inputs": 1,
                "num_kept_concrete": 25,
                "num_kept_lambda": 13,
                "num_values_explored": 1120,
                "num_values_kept": 38,
                "temperature": 1.0
            },
            "success": false,
            "task": "Task(\n    name='sort_L18_random_eval:L18:random:17',\n    inputs_dict={'x': [[-1, 2, 14, 13, -21, 1, -23, -19, 7, 3, -10, -12, 24, 8, -8, -13, 18, 23], [-19, -10, -20, -3, 22, -11, 10, 15, -9, 7, -12, -25, -5, 2, 18, 8, 4, 9], [-8, 15, -23, -22, -6, 14, 24, -13, 21, -14, -19, 0, -9, -2, -17, 17, 9, 23], [22, 0, 17, 15, -8, 7, 24, -6, 14, -15, 3, 23, -9, -2, 6, -10, -18, 21], [25, -20, 11, -19, 21, 16, -22, -18, -12, -7, 18, 0, 10, -16, 14, -13, 5, -9]]},\n    outputs=[[-23, -21, -19, -13, -12, -10, -8, -1, 1, 2, 3, 7, 8, 13, 14, 18, 23, 24], [-25, -20, -19, -12, -11, -10, -9, -5, -3, 2, 4, 7, 8, 9, 10, 15, 18, 22], [-23, -22, -19, -17, -14, -13, -9, -8, -6, -2, 0, 9, 14, 15, 17, 21, 23, 24], [-18, -15, -10, -9, -8, -6, -2, 0, 3, 6, 7, 14, 15, 17, 21, 22, 23, 24], [-22, -20, -19, -18, -16, -13, -12, -9, -7, 0, 5, 10, 11, 14, 16, 18, 21, 25]],\n    solution='Sort(x)'\n)",
            "task_solution": "Sort(x)",
            "task_solution_weight": null
        },
        {
            "elapsed_time": 0.40549998899223283,
            "num_unique_values": 36,
            "solution": null,
            "solution_weight": null,
            "stats": {
                "explored_percent_concrete": 27.678571428571427,
                "explored_percent_lambda": 14.821428571428571,
                "explored_percent_none": 57.5,
                "kept_percent_concrete": 59.25925925925926,
                "kept_percent_lambda": 40.74074074074074,
                "num_examples": 5,
                "num_explored_concrete": 310,
                "num_explored_lambda": 166,
                "num_explored_none": 644,
                "num_inputs": 1,
                "num_kept_concrete": 16,
                "num_kept_lambda": 11,
                "num_values_explored": 1120,
                "num_values_kept": 27,
                "temperature": 1.0
            },
            "success": false,
            "task": "Task(\n    name='sort_L18_random_eval:L18:random:18',\n    inputs_dict={'x': [[-2, -4, 8, -11, -23, -21, -3, 6, -10, -14, -19, 19, -15, 21, 4, -1, -25, -16], [-20, -24, -5, -7, 11, -25, 9, 6, -11, 22, -21, -2, -14, 12, -12, 21, 1, 15], [21, -20, 20, 4, 5, 23, -7, 12, -19, -22, 17, -16, -24, 10, 9, -15, -17, 6], [-4, 1, 15, 19, -18, -24, -19, -6, 6, 0, 3, 24, 4, -17, -20, 25, 12, 16], [17, 24, -7, -11, -3, -24, 22, -23, -18, 18, -25, -8, -20, -22, -9, 1, -1, 11]]},\n    outputs=[[-25, -23, -21, -19, -16, -15, -14, -11, -10, -4, -3, -2, -1, 4, 6, 8, 19, 21], [-25, -24, -21, -20, -14, -12, -11, -7, -5, -2, 1, 6, 9, 11, 12, 15, 21, 22], [-24, -22, -20, -19, -17, -16, -15, -7, 4, 5, 6, 9, 10, 12, 17, 20, 21, 23], [-24, -20, -19, -18, -17, -6, -4, 0, 1, 3, 4, 6, 12, 15, 16, 19, 24, 25], [-25, -24, -23, -22, -20, -18, -11, -9, -8, -7, -3, -1, 1, 11, 17, 18, 22, 24]],\n    solution='Sort(x)'\n)",
            "task_solution": "Sort(x)",
            "task_solution_weight": null
        },
        {
            "elapsed_time": 0.4133620090142358,
            "num_unique_values": 54,
            "solution": null,
            "solution_weight": null,
            "stats": {
                "explored_percent_concrete": 31.071428571428573,
                "explored_percent_lambda": 14.821428571428571,
                "explored_percent_none": 54.107142857142854,
                "kept_percent_concrete": 75.55555555555556,
                "kept_percent_lambda": 24.444444444444443,
                "num_examples": 5,
                "num_explored_concrete": 348,
                "num_explored_lambda": 166,
                "num_explored_none": 606,
                "num_inputs": 1,
                "num_kept_concrete": 34,
                "num_kept_lambda": 11,
                "num_values_explored": 1120,
                "num_values_kept": 45,
                "temperature": 1.0
            },
            "success": false,
            "task": "Task(\n    name='sort_L18_random_eval:L18:random:19',\n    inputs_dict={'x': [[7, 15, 6, -25, -3, -5, 9, -19, 18, 10, 22, 20, 24, -22, -10, 5, -24, -1], [12, 9, -20, -13, 7, -6, 5, -5, -11, 21, 20, 16, 1, -17, 23, -15, -16, -12], [-25, 9, 16, -4, -7, 18, 0, -2, -17, 7, -1, 19, 21, -21, 1, -6, -8, -9], [-20, 14, -12, -7, 17, 2, -15, 4, -13, 3, -10, 25, -21, 9, -22, -2, -23, 8], [-19, 2, -8, -18, 24, 6, 4, -13, -3, 15, 7, -4, 3, -11, 5, -24, -25, 1]]},\n    outputs=[[-25, -24, -22, -19, -10, -5, -3, -1, 5, 6, 7, 9, 10, 15, 18, 20, 22, 24], [-20, -17, -16, -15, -13, -12, -11, -6, -5, 1, 5, 7, 9, 12, 16, 20, 21, 23], [-25, -21, -17, -9, -8, -7, -6, -4, -2, -1, 0, 1, 7, 9, 16, 18, 19, 21], [-23, -22, -21, -20, -15, -13, -12, -10, -7, -2, 2, 3, 4, 8, 9, 14, 17, 25], [-25, -24, -19, -18, -13, -11, -8, -4, -3, 1, 2, 3, 4, 5, 6, 7, 15, 24]],\n    solution='Sort(x)'\n)",
            "task_solution": "Sort(x)",
            "task_solution_weight": null
        },
        {
            "elapsed_time": 0.30827930601662956,
            "num_unique_values": 38,
            "solution": null,
            "solution_weight": null,
            "stats": {
                "explored_percent_concrete": 25.357142857142858,
                "explored_percent_lambda": 16.666666666666668,
                "explored_percent_none": 57.976190476190474,
                "kept_percent_concrete": 55.172413793103445,
                "kept_percent_lambda": 44.827586206896555,
                "num_examples": 5,
                "num_explored_concrete": 213,
                "num_explored_lambda": 140,
                "num_explored_none": 487,
                "num_inputs": 1,
                "num_kept_concrete": 16,
                "num_kept_lambda": 13,
                "num_values_explored": 840,
                "num_values_kept": 29,
                "temperature": 1.0
            },
            "success": false,
